,Unnamed: 0,token,weight,ups,downs,avg_upvote_ratio,num_comments,score_total,total_awards_received_total,post_id,Flair_list,noun,date,daily_popularity,date__,roberta_Negative_sum,roberta_Negative_wt_sum,roberta_Negative_mean,roberta_Neutral_sum,roberta_Neutral_wt_sum,roberta_Neutral_mean,roberta_Positive_sum,roberta_Positive_wt_sum,roberta_Positive_mean,vader_neg_sum,vader_neg_wt_sum,vader_neg_mean,vader_neu_sum,vader_neu_wt_sum,vader_neu_mean,vader_pos_sum,vader_pos_wt_sum,vader_pos_mean,vader_compound_sum,vader_compound_wt_sum,vader_compound_mean,distil_sadness_sum,distil_sadness_wt_sum,distil_sadness_mean,distil_joy_sum,distil_joy_wt_sum,distil_joy_mean,distil_love_sum,distil_love_wt_sum,distil_love_mean,distil_anger_sum,distil_anger_wt_sum,distil_anger_mean,distil_fear_sum,distil_fear_wt_sum,distil_fear_mean,distil_surprise_sum,distil_surprise_wt_sum,distil_surprise_mean
176548,16539,000,2,18.0,0.0,0.855,0.0,18.0,0.0,b5r2ro:b5mzul,News:Tool,False,2019-03-26,38.0,26_03_19,0.23845252,4.6093424800000005,0.11922626,1.0207957,19.4112048,0.51039785,0.7407517100000001,13.97945074,0.37037585500000003,0.0,0.0,0.0,2.0,38.0,1.0,0.0,0.0,0.0,0.0,0.0,0.0,0.1690409034490584,3.0905784964561436,0.0845204517245292,0.5100039392709732,9.410090446472168,0.2550019696354866,0.0351601559668779,0.6751677207648746,0.01758007798343895,0.8416019976139069,16.350251078605652,0.42080099880695343,0.4146657586097716,7.935119152069089,0.2073328793048858,0.029527075588703,0.538789764046666,0.0147635377943515
176418,16409,10,4,31.0,0.0,0.645,16.0,31.0,0.0,b5l56y:b5x955:b5t3rb:b5pzvl,GENERAL-NEWS:EDUCATIONAL:Fundamentals:News,False,2019-03-26,87.0,26_03_19,0.44969198000000005,10.216510620000001,0.11242299500000001,1.8586593000000002,39.6146871,0.46466482500000006,1.6916487599999999,37.16880327,0.42291218999999997,0.0,0.0,0.0,4.0,87.0,1.0,0.0,0.0,0.0,0.0,0.0,0.0,0.3971342295408248,9.525311991572378,0.0992835573852062,1.11431485414505,25.864070057868958,0.2785787135362625,0.0659451205283402,1.4607768505811665,0.01648628013208505,1.1774506568908691,25.808179020881653,0.2943626642227173,1.1833956092596054,23.029130294919014,0.29584890231490135,0.0617595976218579,1.3125328095629756,0.015439899405464474
176216,16207,2017,3,283.0,0.0,0.5933333333333334,86.0,283.0,0.0,b5oixc:b5tt3c:b5v1yl,TRADING:METRICS:Analysis,False,2019-03-26,399.0,26_03_19,0.29792335000000003,41.287832980000005,0.09930778333333334,1.36794967,179.90491767999998,0.45598322333333335,1.33412698,177.80723376999998,0.4447089933333333,0.0,0.0,0.0,3.0,399.0,1.0,0.0,0.0,0.0,0.0,0.0,0.0,0.29587745666503895,29.686268188059316,0.09862581888834632,0.6331779062747953,57.97077079117296,0.21105930209159843,0.0396335367113351,5.029218715615556,0.013211178903778367,1.2666357159614563,198.50857603549957,0.4222119053204854,0.7329349368810654,103.69477933645247,0.2443116456270218,0.0317405592650173,4.110409801825848,0.010580186421672433
176338,16329,2018,3,108.0,0.0,0.8333333333333334,21.0,108.0,0.0,b5rx7m:b5ogf7:b5vrjo,MEDIA:COMEDY:GENERAL-NEWS,False,2019-03-26,159.0,26_03_19,0.40086633000000005,20.58981792,0.13362211000000002,1.5087468000000002,82.8417504,0.5029156,1.0903869,55.56843401,0.36346229999999996,0.0,0.0,0.0,3.0,159.0,1.0,0.0,0.0,0.0,0.0,0.0,0.0,0.329296126961708,16.008596748113625,0.10976537565390267,1.0383903980255127,52.5163511633873,0.3461301326751709,0.0578626245260238,3.0311998184770323,0.0192875415086746,0.938862144947052,53.35683757066727,0.312954048315684,0.5836473107337952,31.20865115523338,0.19454910357793173,0.051941313780843996,2.8783560413867124,0.017313771260281333
176390,16381,2018 nan,2,72.0,0.0,0.835,15.0,72.0,0.0,b5rx7m:b5vrjo,MEDIA:GENERAL-NEWS,False,2019-03-26,107.0,26_03_19,0.24003556,12.22661788,0.12001778,0.9334446000000001,52.926036,0.46672230000000003,0.82651988,41.84734897,0.41325994,0.0,0.0,0.0,2.0,107.0,1.0,0.0,0.0,0.0,0.0,0.0,0.0,0.2345960140228271,11.084190875291819,0.11729800701141355,0.6344993710517883,31.51401776075363,0.31724968552589417,0.0345663651823997,1.8197943326085793,0.01728318259119985,0.6701821088790894,39.38547569513321,0.3350910544395447,0.3959031850099563,21.44595661759376,0.19795159250497815,0.030252900905907,1.7505585718899885,0.0151264504529535
176186,16177,2019,11,168.0,0.0,0.7218181818181818,684.0,168.0,0.0,b5q6x3:b5ogf7:b5m52p:b5qdif:b5imxn:b5r0qb:b5t6x7:b5ilt3:b5vjbn:b5tnce:b5nj4y,TRADING:COMEDY:PRIVACY:GENERAL-NEWS:FOCUSED-DISCUSSION:COMEDY:GENERAL-NEWS:GENERAL-NEWS:GENERAL-NEWS:TRADING:Sentiment,False,2019-03-26,962.0,26_03_19,1.26209008,80.74615922000001,0.11473546181818181,5.20265043,468.09981193999994,0.47296822090909085,4.5352596499999995,413.15405997,0.41229633181818176,0.0,0.0,0.0,11.0,962.0,1.0,0.0,0.0,0.0,0.0,0.0,0.0,1.1204691529273985,90.0362476930022,0.10186083208430895,2.8613484650850296,190.70397211611265,0.26012258773500263,0.16927208285778728,11.202355029061424,0.015388371168889753,4.058707445859909,417.14259588718414,0.36897340416908264,2.6417946964502335,243.1794784963131,0.2401631542227485,0.14840821549296312,9.735369618050706,0.013491655953905736
176446,16437,2019 crypto,2,38.0,0.0,0.6950000000000001,12.0,38.0,0.0,b5ogf7:b5r0qb,COMEDY:COMEDY,False,2019-03-26,70.0,26_03_19,0.26026589,10.1530322,0.130132945,1.07802643,38.96475054,0.539013215,0.66170767,20.88221674,0.330853835,0.0,0.0,0.0,2.0,70.0,1.0,0.0,0.0,0.0,0.0,0.0,0.0,0.17701692879199982,6.406108558177947,0.08850846439599991,0.5181323215365409,23.058676704764363,0.25906616076827044,0.0355417542159557,1.4318243935704222,0.01777087710797785,0.76791113615036,22.957521677017205,0.38395556807518,0.4697214812040329,14.838286936283112,0.23486074060201645,0.0316763622686266,1.3075805585831366,0.0158381811343133
176351,16342,2019 nan,4,46.0,0.0,0.6125,64.0,46.0,0.0,b5m52p:b5qdif:b5ilt3:b5tnce,PRIVACY:GENERAL-NEWS:GENERAL-NEWS:TRADING,False,2019-03-26,150.0,26_03_19,0.4854864,18.89308304,0.1213716,1.7766904300000002,64.79127362,0.44417260750000004,1.7378232,66.3156447,0.4344558,0.0,0.0,0.0,4.0,150.0,1.0,0.0,0.0,0.0,0.0,0.0,0.0,0.4961839020252228,19.91440999507904,0.1240459755063057,1.1687381789088247,49.40323688089847,0.2921845447272062,0.0653417836874722,2.5784686878323493,0.01633544592186805,1.3553183674812317,45.79852485656738,0.3388295918703079,0.8646291941404343,30.36123299598694,0.21615729853510857,0.0497886370867488,1.9441291335970048,0.0124471592716872
176202,16193,26,3,18.0,0.0,0.7266666666666666,609.0,18.0,0.0,b5imxn:b5pg77:b5ng23,FOCUSED-DISCUSSION:Sentiment:nan,False,2019-03-26,657.0,26_03_19,0.27235262000000005,42.643227030000006,0.09078420666666669,1.49946457,325.45376121,0.49982152333333335,1.22818286,288.9030372,0.40939428666666666,0.0,0.0,0.0,2.0,645.0,0.6666666666666666,1.0,12.0,0.3333333333333333,0.4588,5.505599999999999,0.15293333333333334,0.2475848421454429,58.270005427300916,0.08252828071514763,0.4522123485803603,98.63298971951005,0.15073744952678678,0.0348933059722185,6.214280496351421,0.0116311019907395,1.3561768531799316,306.3678148984909,0.45205895105997723,0.8798967599868774,182.10379564762115,0.2932989199956258,0.0292359618470071,5.411134335212381,0.009745320615669033
176598,16589,50,2,5.0,0.0,0.5549999999999999,5.0,5.0,0.0,b5n5ia:b5ukkn,TRADING:Exchange,False,2019-03-26,30.0,26_03_19,0.18978922,2.88316238,0.09489461,0.98303887,14.83522141,0.491519435,0.8271719200000001,12.281616320000001,0.41358596000000003,0.0,0.0,0.0,2.0,30.0,1.0,0.0,0.0,0.0,0.0,0.0,0.0,0.14590577781200398,2.2634980827569953,0.07295288890600199,0.3215359523892402,4.450825832784175,0.1607679761946201,0.0223454004153609,0.3437633635476227,0.01117270020768045,0.7019512504339217,11.715312555432318,0.35097562521696085,0.7866193056106567,10.908631205558777,0.39330965280532837,0.021642304956912897,0.31796894967555867,0.010821152478456449
176360,16351,600k,2,82.0,0.0,0.96,39.0,82.0,0.0,b5vza2:b5vyfa,SECURITY:SECURITY,False,2019-03-26,141.0,26_03_19,0.25249558,19.29049947,0.12624779,0.85589391,61.470520259999994,0.427946955,0.89161064,60.238988840000005,0.44580532,0.0,0.0,0.0,2.0,141.0,1.0,0.0,0.0,0.0,0.0,0.0,0.0,0.0923908352851867,7.001623954623937,0.04619541764259335,0.1841177791357039,16.01546035706996,0.09205888956785195,0.0113956427667289,1.0525497223716114,0.00569782138336445,1.3702746033668518,80.82328802347183,0.6851373016834259,0.32842078059911717,34.73505464941263,0.16421039029955858,0.0134003965649752,1.3720240404363593,0.0067001982824876
176361,16352,600k bch,2,82.0,0.0,0.96,39.0,82.0,0.0,b5vza2:b5vyfa,SECURITY:SECURITY,False,2019-03-26,141.0,26_03_19,0.25249558,19.29049947,0.12624779,0.85589391,61.470520259999994,0.427946955,0.89161064,60.238988840000005,0.44580532,0.0,0.0,0.0,2.0,141.0,1.0,0.0,0.0,0.0,0.0,0.0,0.0,0.0923908352851867,7.001623954623937,0.04619541764259335,0.1841177791357039,16.01546035706996,0.09205888956785195,0.0113956427667289,1.0525497223716114,0.00569782138336445,1.3702746033668518,80.82328802347183,0.6851373016834259,0.32842078059911717,34.73505464941263,0.16421039029955858,0.0134003965649752,1.3720240404363593,0.0067001982824876
176347,16338,able,2,37.0,0.0,0.91,94.0,37.0,0.0,b5p598:b5rh8g,TRADING:New Coin,False,2019-03-26,151.0,26_03_19,0.20526892000000002,15.097885960000001,0.10263446000000001,0.95091353,75.20240464,0.475456765,0.8438175,60.69970875,0.42190875,0.0,0.0,0.0,2.0,151.0,1.0,0.0,0.0,0.0,0.0,0.0,0.0,0.15119028836488718,12.255075730383396,0.07559514418244359,0.2458293512463569,17.475943386554714,0.12291467562317845,0.0248476425185799,1.8537062117829888,0.01242382125928995,1.0133647918701172,75.57762980461119,0.5066823959350586,0.5444550216197968,42.32508471608162,0.2722275108098984,0.0203129770234226,1.5125623755156938,0.0101564885117113
176539,16530,accepts,3,13.0,0.0,0.7933333333333333,1.0,13.0,0.0,b5pyy8:b5prdc:b5qpbs,GENERAL-NEWS:GENERAL-NEWS:News,True,2019-03-26,44.0,26_03_19,0.39691588,5.569953720000001,0.13230529333333332,1.4666985600000002,21.12483179,0.4888995200000001,1.1363854500000001,17.305212750000003,0.37879515,0.0,0.0,0.0,1.0,21.0,0.3333333333333333,2.0,23.0,0.6666666666666666,0.9176,10.552399999999999,0.3058666666666667,0.2078500017523765,3.0445730090141288,0.06928333391745883,0.4356492012739181,6.26005235314369,0.14521640042463937,0.0450582550838589,0.6378903361037362,0.0150194183612863,1.357928991317749,20.50045347213745,0.4526429971059163,0.9173112213611603,13.042616873979568,0.3057704071203868,0.0362024083733556,0.5144154587760529,0.012067469457785201
176648,16639,accepts crypto,2,3.0,0.0,0.835,0.0,3.0,0.0,b5prdc:b5qpbs,GENERAL-NEWS:News,True,2019-03-26,23.0,26_03_19,0.29108208,3.3474439200000004,0.14554104,1.01850926,11.71285649,0.50925463,0.6904086,7.939698900000001,0.3452043,0.0,0.0,0.0,0.0,0.0,0.0,2.0,23.0,1.0,0.9176,10.552399999999999,0.4588,0.1389765292406082,1.598230086266994,0.0694882646203041,0.3040611445903778,3.496703162789345,0.1520305722951889,0.0324561074376106,0.37324523553252187,0.0162280537188053,0.8437952995300292,9.703645944595335,0.4218976497650146,0.6548335552215576,7.530585885047913,0.3274167776107788,0.0258773807436226,0.29758987855165986,0.0129386903718113
176403,16394,accurate,2,48.0,0.0,0.7849999999999999,25.0,48.0,0.0,b5ojpe:b5l56y,GENERAL-NEWS:GENERAL-NEWS,True,2019-03-26,93.0,26_03_19,0.22211636,10.31284888,0.11105818,0.958786,43.0255504,0.479393,0.81909767,39.66160132,0.409548835,0.0,0.0,0.0,2.0,93.0,1.0,0.0,0.0,0.0,0.0,0.0,0.0,0.167359173297882,7.095282763242719,0.083679586648941,0.485939085483551,20.474531531333923,0.2429695427417755,0.031535392627120004,1.4081007428467265,0.015767696313560002,0.6186024844646454,24.762537986040115,0.3093012422323227,0.6614395081996918,37.59573110938072,0.3307197540998459,0.0351243559271096,1.663819717243309,0.0175621779635548
176375,16366,add,3,68.0,0.0,0.77,28.0,68.0,0.0,b5ojpe:b5t9hv:b5q23f,GENERAL-NEWS:GENERAL-NEWS:nan,False,2019-03-26,126.0,26_03_19,0.34913086,14.15707516,0.11637695333333332,1.40801726,57.214424220000005,0.4693390866666667,1.24285176,54.62849868,0.41428391999999997,0.0,0.0,0.0,3.0,126.0,1.0,0.0,0.0,0.0,0.0,0.0,0.0,0.1985284686088561,8.286062046885487,0.06617615620295203,0.5265778228640556,21.37025809288025,0.1755259409546852,0.044964618980884496,1.7761463336646541,0.014988206326961498,1.2759137153625488,46.675391137599945,0.4253045717875163,0.9138699322938919,46.03252339363098,0.3046233107646306,0.040145439095795,1.8596241325139946,0.013381813031931667
176236,16227,adoption,4,109.0,0.0,0.7975,169.0,109.0,0.0,b5ltrx:b5p598:b5q1mz:b5rh8g,GENERAL-NEWS:TRADING:ADOPTION:New Coin,True,2019-03-26,318.0,26_03_19,0.41385699,33.15150767,0.1034642475,1.9138911200000002,152.82919142,0.47847278000000004,1.6722518800000001,132.01930622,0.41806297000000003,0.0,0.0,0.0,4.0,318.0,1.0,0.0,0.0,0.0,0.0,0.0,0.0,0.3458498939871787,30.475854091346253,0.08646247349679467,0.6018489748239516,55.55725771188735,0.1504622437059879,0.0597565034404396,5.450966660864645,0.0149391258601099,1.9277856945991514,146.42707020044324,0.48194642364978785,1.0178461074829102,75.92132294178009,0.25446152687072754,0.0469128657132385,4.167524419724925,0.011728216428309625
176388,16379,ads,2,72.0,0.0,0.835,15.0,72.0,0.0,b5rx7m:b5vrjo,MEDIA:GENERAL-NEWS,True,2019-03-26,107.0,26_03_19,0.24003556,12.22661788,0.12001778,0.9334446000000001,52.926036,0.46672230000000003,0.82651988,41.84734897,0.41325994,0.0,0.0,0.0,2.0,107.0,1.0,0.0,0.0,0.0,0.0,0.0,0.0,0.2345960140228271,11.084190875291819,0.11729800701141355,0.6344993710517883,31.51401776075363,0.31724968552589417,0.0345663651823997,1.8197943326085793,0.01728318259119985,0.6701821088790894,39.38547569513321,0.3350910544395447,0.3959031850099563,21.44595661759376,0.19795159250497815,0.030252900905907,1.7505585718899885,0.0151264504529535
176389,16380,ads 2018,2,72.0,0.0,0.835,15.0,72.0,0.0,b5rx7m:b5vrjo,MEDIA:GENERAL-NEWS,True,2019-03-26,107.0,26_03_19,0.24003556,12.22661788,0.12001778,0.9334446000000001,52.926036,0.46672230000000003,0.82651988,41.84734897,0.41325994,0.0,0.0,0.0,2.0,107.0,1.0,0.0,0.0,0.0,0.0,0.0,0.0,0.2345960140228271,11.084190875291819,0.11729800701141355,0.6344993710517883,31.51401776075363,0.31724968552589417,0.0345663651823997,1.8197943326085793,0.01728318259119985,0.6701821088790894,39.38547569513321,0.3350910544395447,0.3959031850099563,21.44595661759376,0.19795159250497815,0.030252900905907,1.7505585718899885,0.0151264504529535
176189,16180,age,2,111.0,0.0,0.78,674.0,111.0,0.0,b5qqxt:b5imxn,LEGACY:FOCUSED-DISCUSSION,True,2019-03-26,805.0,26_03_19,0.16284091,57.20267638000001,0.081420455,0.9978292,399.86239430999996,0.4989146,0.83932993,347.93495467,0.419664965,0.0,0.0,0.0,2.0,805.0,1.0,0.0,0.0,0.0,0.0,0.0,0.0,0.1713651046156883,70.53279058635233,0.08568255230784415,0.2643321827054023,114.69288445264098,0.13216609135270116,0.0215781209990382,8.010864587500688,0.0107890604995191,0.966370701789856,381.53502559661865,0.483185350894928,0.5582173466682434,223.35428220033646,0.2791086733341217,0.0181365851312875,6.874174403957991,0.00906829256564375
176472,16463,allow,2,27.0,0.0,0.815,11.0,27.0,0.0,b5ims1:b5sn89,FOCUSED-DISCUSSION:nan,False,2019-03-26,58.0,26_03_19,0.25028722000000003,7.760384439999999,0.12514361000000002,0.9780262000000001,29.424178600000005,0.48901310000000003,0.77168645,20.8154328,0.385843225,0.0,0.0,0.0,2.0,58.0,1.0,0.0,0.0,0.0,0.0,0.0,0.0,0.1534754037857055,4.655256673693655,0.07673770189285276,0.4009830802679061,13.419999897480007,0.20049154013395304,0.029301271773874704,0.9029975757002816,0.014650635886937352,0.9393336772918701,26.084538459777832,0.46966683864593506,0.4553319811820983,12.29952389001846,0.22766599059104914,0.0215745419263838,0.6376800425350616,0.0107872709631919
176294,16285,allowed,2,99.0,0.0,0.7949999999999999,68.0,99.0,0.0,b5qqxt:b5ims1,LEGACY:FOCUSED-DISCUSSION,False,2019-03-26,187.0,26_03_19,0.20526892000000002,18.696746320000003,0.10263446000000001,0.95091353,93.13687213,0.475456765,0.8438175,75.16638075,0.42190875,0.0,0.0,0.0,2.0,187.0,1.0,0.0,0.0,0.0,0.0,0.0,0.0,0.15119028836488718,15.178151071071625,0.07559514418244359,0.2458293512463569,21.640670277178284,0.12291467562317845,0.0248476425185799,2.295613985508677,0.01242382125928995,1.0133647918701172,93.59465718269347,0.5066823959350586,0.5444550216197968,52.41777044534683,0.2722275108098984,0.0203129770234226,1.8731397883966496,0.0101564885117113
176479,16470,allows,2,25.0,0.0,0.765,11.0,25.0,0.0,b5qgys:b5sn89,GENERAL-NEWS:nan,True,2019-03-26,56.0,26_03_19,0.27313718,7.8686162799999995,0.13656859,0.9544923000000001,28.1983254,0.47724615000000004,0.7723704499999999,19.9330551,0.38618522499999997,0.0,0.0,0.0,2.0,56.0,1.0,0.0,0.0,0.0,0.0,0.0,0.0,0.2225576266646385,5.48466084897518,0.11127881333231925,0.6208939850330352,16.235576450824734,0.3104469925165176,0.034397887066006605,0.9491458944976316,0.017198943533003302,0.7105624079704285,21.85347330570221,0.35528120398521423,0.3870715945959091,10.818923145532606,0.19353579729795456,0.0245164101943372,0.6582161430269432,0.0122582050971686
176684,16675,amounts,2,1.0,0.0,0.665,1.0,1.0,0.0,b5pzvl:b5v924,News:nan,True,2019-03-26,22.0,26_03_19,0.215333184,2.3686650240000002,0.107666592,0.96116405,10.57280455,0.480582025,0.82350278,9.05853058,0.41175139,0.0,0.0,0.0,2.0,22.0,1.0,0.0,0.0,0.0,0.0,0.0,0.0,0.1339133493602275,1.4730468429625025,0.06695667468011375,0.3434301763772964,3.77773194015026,0.1717150881886482,0.0203150308225303,0.22346533904783328,0.01015751541126515,1.091237097978592,12.003608077764511,0.545618548989296,0.3946266099810599,4.3408927097916585,0.19731330499052996,0.016477820696309098,0.1812560276594001,0.008238910348154549
176222,16213,amp,13,147.0,0.0,0.7007692307692307,89.0,147.0,0.0,b5t22o:b5ims1:b5pzbb:b5t6x7:b5scok:b5lt26:b5kz41:b5v518:b5q23f:b5ng23:b5nj4y:b5lt42:b5v1yl,EXCHANGE:FOCUSED-DISCUSSION:EXCHANGE:GENERAL-NEWS:EXCHANGE:RELEASE:TRADING:MEDIA:nan:nan:Sentiment:Tool:Analysis,True,2019-03-26,366.0,26_03_19,1.45064244,42.283087820000006,0.11158788,6.048159600000001,178.36090434000002,0.46524304615384615,5.50119776,145.35598943,0.4231690584615384,0.0,0.0,0.0,12.0,354.0,0.9230769230769231,1.0,12.0,0.07692307692307693,0.4588,5.505599999999999,0.03529230769230769,0.9675987325608725,26.81611589342354,0.07443067173545173,2.456406325101852,73.14965932071209,0.18895433270014245,0.17742397845722707,5.60324174491688,0.013647998342863621,5.071834370493889,158.72726626694202,0.3901411054226068,4.159333236515522,97.21097277104855,0.319948710501194,0.1674036525655529,4.492733118589941,0.012877204043504068
176682,16673,amp social,2,1.0,0.0,0.55,1.0,1.0,0.0,b5lt26:b5lt42,RELEASE:Tool,False,2019-03-26,22.0,26_03_19,0.22152912,2.43682032,0.11076456,0.8999936,9.8999296,0.4499968,0.87847728,9.663250080000001,0.43923864,0.0,0.0,0.0,2.0,22.0,1.0,0.0,0.0,0.0,0.0,0.0,0.0,0.1414377093315124,1.5558148026466365,0.0707188546657562,0.4058773517608642,4.464650869369506,0.2029386758804321,0.029335580766201,0.322691388428211,0.0146677903831005,0.4675655961036682,5.14322155714035,0.2337827980518341,0.9195072054862976,10.114579260349274,0.4597536027431488,0.036276701837778,0.399043720215558,0.018138350918889
176520,16511,amp x200b,3,8.0,0.0,0.5766666666666667,10.0,8.0,0.0,b5scok:b5kz41:b5ng23,EXCHANGE:TRADING:nan,True,2019-03-26,48.0,26_03_19,0.36510531,5.698649339999999,0.12170177,1.37589509,21.71058384,0.45863169666666664,1.25899959,20.59076682,0.41966653,0.0,0.0,0.0,2.0,36.0,0.6666666666666666,1.0,12.0,0.3333333333333333,0.4588,5.505599999999999,0.15293333333333334,0.1804557256400584,2.831273473799227,0.06015190854668614,0.350171998143196,5.390912532806395,0.11672399938106533,0.0324342672247439,0.4864484877325584,0.010811422408247966,1.7537826895713806,29.036702513694763,0.5845942298571268,0.6567822322249411,9.857579514384266,0.21892741074164704,0.0263731929007915,0.3970853299833792,0.008791064300263834
176444,16435,analysis,4,7.0,0.0,0.6475,24.0,7.0,0.0,b5tnce:b5qpai:b5pmvq:b5nj4y,TRADING:Technicals:Sentiment:Sentiment,True,2019-03-26,71.0,26_03_19,0.49681584,8.92151656,0.12420396,1.7239630000000001,30.4546302,0.43099075000000003,1.7792211900000001,31.62385383,0.44480529750000003,0.0,0.0,0.0,4.0,71.0,1.0,0.0,0.0,0.0,0.0,0.0,0.0,0.4845859408378601,8.988012284040451,0.12114648520946503,1.2574355602264402,23.17370283603668,0.31435889005661005,0.0677640791982411,1.2202404979616377,0.016941019799560274,1.0898700654506683,19.641776502132416,0.2724675163626671,1.042405441403389,16.975862726569176,0.26060136035084724,0.0579390386119482,1.0004070689901656,0.01448475965298705
176266,16257,announce,3,107.0,0.0,0.7366666666666667,67.0,107.0,0.0,b5qqxt:b5ralx:b5u1sd,LEGACY:EXCHANGE:FINANCE,True,2019-03-26,204.0,26_03_19,0.34735318000000004,21.020023110000004,0.11578439333333335,1.40042034,100.83485567000001,0.46680678,1.25222658,82.14512282,0.41740886000000005,0.0,0.0,0.0,3.0,204.0,1.0,0.0,0.0,0.0,0.0,0.0,0.0,0.2449564523994922,16.914844371378422,0.08165215079983074,0.47358403354883183,25.774951361119744,0.15786134451627729,0.042700437828898305,2.633665654808278,0.014233479276299435,1.46694415807724,100.99244993925093,0.48898138602574664,0.7349240779876709,55.51645055413246,0.24497469266255698,0.036890810355543896,2.1676390962675134,0.012296936785181298
176593,16584,app,2,10.0,0.0,0.755,1.0,10.0,0.0,b5wz5s:b5mzul,RELEASE:Tool,True,2019-03-26,31.0,26_03_19,0.22508227,3.4923431899999997,0.112541135,0.9272403600000001,14.23671852,0.46362018000000005,0.84767747,13.2709399,0.423838735,0.0,0.0,0.0,2.0,31.0,1.0,0.0,0.0,0.0,0.0,0.0,0.0,0.1387343071401118,2.068562265485523,0.0693671535700559,0.3495537787675857,5.0934130102396,0.17477688938379285,0.020471668103709803,0.2974155510310081,0.010235834051854902,1.2025710344314575,19.289248526096344,0.6012855172157288,0.26857369393110264,3.9606950804591157,0.13428684696555132,0.020095479907467798,0.29066514340229077,0.010047739953733899
176417,16408,apple,2,35.0,0.0,0.73,33.0,35.0,0.0,b5pgkw:b5t3rb,EXCHANGE:Fundamentals,True,2019-03-26,88.0,26_03_19,0.26744887,11.81815703,0.133724435,0.86209815,37.99625535,0.431049075,0.8704530500000001,38.185590950000005,0.43522652500000003,0.0,0.0,0.0,2.0,88.0,1.0,0.0,0.0,0.0,0.0,0.0,0.0,0.188252542167902,7.844817612320185,0.094126271083951,0.4690633714199065,19.469115585088723,0.23453168570995325,0.025490339845418798,1.0720390230417192,0.012745169922709399,0.8378856778144836,38.20277398824692,0.4189428389072418,0.4557502716779709,20.38959051668644,0.22787513583898544,0.0235578175634144,1.0216641016304415,0.0117789087817072
176291,16282,appreciated,2,102.0,0.0,0.89,67.0,102.0,0.0,b5qqxt:b5scok,LEGACY:EXCHANGE,False,2019-03-26,189.0,26_03_19,0.20526892000000002,18.90841392,0.10263446000000001,0.95091353,94.03325072999999,0.475456765,0.8438175,76.05833445,0.42190875,0.0,0.0,0.0,2.0,189.0,1.0,0.0,0.0,0.0,0.0,0.0,0.0,0.15119028836488718,15.315898016095161,0.07559514418244359,0.2458293512463569,21.903846390545365,0.12291467562317845,0.0248476425185799,2.320818280801173,0.01242382125928995,1.0133647918701172,94.6229245662689,0.5066823959350586,0.5444550216197968,52.94272577762604,0.2722275108098984,0.0203129770234226,1.8937898436561156,0.0101564885117113
176478,16469,approval,2,23.0,0.0,0.8,13.0,23.0,0.0,b5vgaz:b5t8p2,GENERAL-NEWS:Exchange,True,2019-03-26,56.0,26_03_19,0.23909208999999998,6.51894882,0.11954604499999999,0.9372670999999999,25.8707438,0.46863354999999995,0.82364064,23.61030432,0.41182032,0.0,0.0,0.0,2.0,56.0,1.0,0.0,0.0,0.0,0.0,0.0,0.0,0.15254843235015858,4.160248875617979,0.07627421617507929,0.4192283004522323,11.604882925748823,0.20961415022611615,0.028741516172885798,0.8107030987739543,0.014370758086442899,0.6588581502437592,16.535102665424347,0.3294290751218796,0.7024685889482498,21.839506655931473,0.3512342944741249,0.038155082613229696,1.0495585054159147,0.019077541306614848
176387,16378,april,2,27.0,0.0,0.605,60.0,27.0,0.0,b5m52p:b5tnce,PRIVACY:TRADING,True,2019-03-26,107.0,26_03_19,0.25736752,13.769162320000001,0.12868376,0.8493108,45.438127800000004,0.4246554,0.8933217,47.79271095,0.44666085,0.0,0.0,0.0,2.0,107.0,1.0,0.0,0.0,0.0,0.0,0.0,0.0,0.2759113907814026,14.761259406805038,0.1379556953907013,0.7029979228973388,37.61038887500762,0.3514989614486694,0.0353975258767604,1.8937676344066814,0.0176987629383802,0.5707248449325562,30.533779203891754,0.2853624224662781,0.3884345591068268,20.781248912215233,0.1942172795534134,0.0265337917953728,1.4195578610524446,0.0132668958976864
176249,16240,article,3,125.0,0.0,0.8633333333333334,88.0,125.0,0.0,b5qqxt:b5sx10:b5sn89,LEGACY:POLITICS:nan,True,2019-03-26,243.0,26_03_19,0.37098926,26.88347076,0.12366308666666666,1.5445676300000002,123.57918813,0.5148558766666668,1.08444293,92.53733475,0.3614809766666667,0.0,0.0,0.0,3.0,243.0,1.0,0.0,0.0,0.0,0.0,0.0,0.0,0.2393193319439887,19.80147416889667,0.07977311064799623,0.6106398478150368,37.65995825082063,0.20354661593834558,0.0472371727228164,3.3441194482147645,0.0157457242409388,1.3812133967876434,116.93038684129714,0.46040446559588116,0.6878115236759185,62.70740461349487,0.2292705078919728,0.033778534270822794,2.5566510641947273,0.011259511423607598
176293,16284,attack,2,99.0,0.0,0.7949999999999999,68.0,99.0,0.0,b5qqxt:b5ims1,LEGACY:FOCUSED-DISCUSSION,True,2019-03-26,187.0,26_03_19,0.20526892000000002,18.696746320000003,0.10263446000000001,0.95091353,93.13687213,0.475456765,0.8438175,75.16638075,0.42190875,0.0,0.0,0.0,2.0,187.0,1.0,0.0,0.0,0.0,0.0,0.0,0.0,0.15119028836488718,15.178151071071625,0.07559514418244359,0.2458293512463569,21.640670277178284,0.12291467562317845,0.0248476425185799,2.295613985508677,0.01242382125928995,1.0133647918701172,93.59465718269347,0.5066823959350586,0.5444550216197968,52.41777044534683,0.2722275108098984,0.0203129770234226,1.8731397883966496,0.0101564885117113
176463,16454,attention,3,14.0,0.0,0.6133333333333333,19.0,14.0,0.0,b5kz41:b5q23f:b5v1yl,TRADING:nan:Analysis,True,2019-03-26,63.0,26_03_19,0.30423698,5.601053240000001,0.10141232666666666,1.42556263,29.99776136,0.4751875433333333,1.2702004,27.40118692,0.4234001333333333,0.0,0.0,0.0,3.0,63.0,1.0,0.0,0.0,0.0,0.0,0.0,0.0,0.203542862087488,4.581740044057366,0.06784762069582934,0.4436477869749068,8.798089668154713,0.14788259565830228,0.031229245709255303,0.5834005647338922,0.010409748569751768,1.7416732609272003,35.62687614560127,0.5805577536424001,0.5561076328158377,12.938918277621267,0.18536921093861258,0.0237991812173275,0.47097593965008455,0.007933060405775834
176253,16244,available,3,125.0,0.0,0.9033333333333332,76.0,125.0,0.0,b5qqxt:b5scok:b5sn89,LEGACY:EXCHANGE:nan,False,2019-03-26,231.0,26_03_19,0.34972234,24.975457560000002,0.11657411333333334,1.48075043,116.28640053,0.4935834766666667,1.1695271,89.73813765,0.38984236666666666,0.0,0.0,0.0,3.0,231.0,1.0,0.0,0.0,0.0,0.0,0.0,0.0,0.23579221963882438,18.869179129600525,0.0785974065462748,0.5152243748307227,33.21843738108873,0.17174145827690757,0.0415467666462063,3.0221814941614817,0.0138489222154021,1.4385647773742676,112.48132395744322,0.4795215924580892,0.7373093366622925,61.04260700941086,0.24576977888743082,0.031562491320073396,2.3662694441154493,0.010520830440024465
176399,16390,bank,4,37.0,0.0,0.925,19.0,37.0,0.0,b5r15t:b5vkce:b5wwli:b5tn8o,EXCHANGE:MEDIA:FINANCE:FINANCE,True,2019-03-26,96.0,26_03_19,0.41637177000000003,9.33981644,0.10409294250000001,1.96940118,51.040768729999996,0.492350295,1.6142269900000001,35.619414379999995,0.40355674750000003,0.0,0.0,0.0,4.0,96.0,1.0,0.0,0.0,0.0,0.0,0.0,0.0,0.46202602237462986,13.595025382936,0.11550650559365747,0.9371143877506256,23.582605466246605,0.2342785969376564,0.1321652373299001,4.566193702630693,0.033041309332475025,1.4321251958608627,29.040837407112118,0.3580312989652157,0.9031643420457839,20.49032029509544,0.22579108551144597,0.1334047447890041,4.7250157324597195,0.033351186197251026
176406,16397,banking,2,38.0,0.0,0.79,33.0,38.0,0.0,b5pgkw:b5sn89,EXCHANGE:nan,True,2019-03-26,91.0,26_03_19,0.28321852999999997,12.86653403,0.14160926499999998,0.96727965,43.68784455,0.483639825,0.7495018,34.445621,0.3747509,0.0,0.0,0.0,2.0,91.0,1.0,0.0,0.0,0.0,0.0,0.0,0.0,0.1348987780511379,6.017826605588196,0.06744938902556895,0.3869594335556029,17.07524707913398,0.19347971677780146,0.024490701034665004,1.0831504818052002,0.012245350517332502,0.977723240852356,44.93203890323639,0.488861620426178,0.4543873071670532,20.914997845888138,0.2271936535835266,0.0215404359623788,0.9767347620800055,0.0107702179811894
176407,16398,banking industry,2,38.0,0.0,0.79,33.0,38.0,0.0,b5pgkw:b5sn89,EXCHANGE:nan,True,2019-03-26,91.0,26_03_19,0.28321852999999997,12.86653403,0.14160926499999998,0.96727965,43.68784455,0.483639825,0.7495018,34.445621,0.3747509,0.0,0.0,0.0,2.0,91.0,1.0,0.0,0.0,0.0,0.0,0.0,0.0,0.1348987780511379,6.017826605588196,0.06744938902556895,0.3869594335556029,17.07524707913398,0.19347971677780146,0.024490701034665004,1.0831504818052002,0.012245350517332502,0.977723240852356,44.93203890323639,0.488861620426178,0.4543873071670532,20.914997845888138,0.2271936535835266,0.0215404359623788,0.9767347620800055,0.0107702179811894
176488,16479,basics,3,22.0,0.0,0.9,1.0,22.0,0.0,b5iplw:b5irzj:b5of28,SUPPORT:GENERAL-NEWS:nan,True,2019-03-26,53.0,26_03_19,0.38130216,6.73633816,0.12710072,1.5360195,27.1363445,0.5120065,1.08267804,19.12731204,0.36089268,0.0,0.0,0.0,3.0,53.0,1.0,0.0,0.0,0.0,0.0,0.0,0.0,0.21720175445079778,3.8372309952974275,0.0724005848169326,0.6810105890035629,12.031187072396278,0.2270035296678543,0.054877661168575204,0.9695053473114953,0.0182925537228584,1.3703469336032867,24.209462493658066,0.4567823112010956,0.6389395594596861,11.28793221712112,0.21297985315322868,0.0376232117414472,0.6646767407655672,0.0125410705804824
176489,16480,basics getting,3,22.0,0.0,0.9,1.0,22.0,0.0,b5iplw:b5irzj:b5of28,SUPPORT:GENERAL-NEWS:nan,True,2019-03-26,53.0,26_03_19,0.38130216,6.73633816,0.12710072,1.5360195,27.1363445,0.5120065,1.08267804,19.12731204,0.36089268,0.0,0.0,0.0,3.0,53.0,1.0,0.0,0.0,0.0,0.0,0.0,0.0,0.21720175445079778,3.8372309952974275,0.0724005848169326,0.6810105890035629,12.031187072396278,0.2270035296678543,0.054877661168575204,0.9695053473114953,0.0182925537228584,1.3703469336032867,24.209462493658066,0.4567823112010956,0.6389395594596861,11.28793221712112,0.21297985315322868,0.0376232117414472,0.6646767407655672,0.0125410705804824
176594,16585,basis,2,10.0,0.0,0.945,1.0,10.0,0.0,b5scok:b5rh8g,EXCHANGE:New Coin,True,2019-03-26,31.0,26_03_19,0.2116676,3.2808478,0.1058338,0.8963786,13.893868300000001,0.4481893,0.8919537,13.825282349999998,0.44597685,0.0,0.0,0.0,2.0,31.0,1.0,0.0,0.0,0.0,0.0,0.0,0.0,0.1377469450235366,2.1350776478648172,0.0688734725117683,0.2631761133670806,4.079229757189749,0.1315880566835403,0.0252042952924966,0.39066657703369734,0.0126021476462483,1.0282673835754395,15.938144445419312,0.5141336917877197,0.5249553322792052,8.13680765032768,0.2624776661396026,0.020650055259466,0.320075856521723,0.010325027629733
176346,16337,bch,3,83.0,0.0,0.9733333333333332,39.0,83.0,0.0,b5vza2:b5tngd:b5vyfa,SECURITY:nan:SECURITY,True,2019-03-26,152.0,26_03_19,0.35832938000000003,20.45467127,0.11944312666666668,1.30408321,66.40060256,0.4346944033333333,1.33758749,65.14473419,0.44586249666666666,0.0,0.0,0.0,3.0,152.0,1.0,0.0,0.0,0.0,0.0,0.0,0.0,0.161264307796955,7.7592321522533885,0.05375476926565167,0.31570583581924416,17.462928980588902,0.10523527860641473,0.0239977904129772,1.1911733464803427,0.007999263470992399,1.8844082951545715,86.47875863313675,0.6281360983848572,0.5908984467387198,37.62230897694826,0.19696614891290662,0.0237254241947082,1.4855993443634223,0.0079084747315694
176362,16353,bch theft,2,82.0,0.0,0.96,39.0,82.0,0.0,b5vza2:b5vyfa,SECURITY:SECURITY,True,2019-03-26,141.0,26_03_19,0.25249558,19.29049947,0.12624779,0.85589391,61.470520259999994,0.427946955,0.89161064,60.238988840000005,0.44580532,0.0,0.0,0.0,2.0,141.0,1.0,0.0,0.0,0.0,0.0,0.0,0.0,0.0923908352851867,7.001623954623937,0.04619541764259335,0.1841177791357039,16.01546035706996,0.09205888956785195,0.0113956427667289,1.0525497223716114,0.00569782138336445,1.3702746033668518,80.82328802347183,0.6851373016834259,0.32842078059911717,34.73505464941263,0.16421039029955858,0.0134003965649752,1.3720240404363593,0.0067001982824876
176384,16375,bear,2,78.0,0.0,0.885,11.0,78.0,0.0,b5q6x3:b5v1yl,TRADING:Analysis,True,2019-03-26,109.0,26_03_19,0.16553767,9.81568786,0.082768835,0.96449217,52.03760898,0.482246085,0.86997026,47.14670902,0.43498513,0.0,0.0,0.0,2.0,109.0,1.0,0.0,0.0,0.0,0.0,0.0,0.0,0.1419534534215926,6.9955291673541,0.0709767267107963,0.3370399177074431,19.12426741421222,0.16851995885372156,0.019154389388859203,1.0539415329694695,0.009577194694429601,1.0315130352973938,58.21075397729874,0.5157565176486969,0.45178723335266113,22.558202862739563,0.22589361667633057,0.0185519643127917,1.0573032582178636,0.00927598215639585
176383,16374,bear market,2,78.0,0.0,0.885,11.0,78.0,0.0,b5q6x3:b5v1yl,TRADING:Analysis,True,2019-03-26,109.0,26_03_19,0.16553767,9.81568786,0.082768835,0.96449217,52.03760898,0.482246085,0.86997026,47.14670902,0.43498513,0.0,0.0,0.0,2.0,109.0,1.0,0.0,0.0,0.0,0.0,0.0,0.0,0.1419534534215926,6.9955291673541,0.0709767267107963,0.3370399177074431,19.12426741421222,0.16851995885372156,0.019154389388859203,1.0539415329694695,0.009577194694429601,1.0315130352973938,58.21075397729874,0.5157565176486969,0.45178723335266113,22.558202862739563,0.22589361667633057,0.0185519643127917,1.0573032582178636,0.00927598215639585
176234,16225,believe,3,130.0,0.0,0.7933333333333333,160.0,130.0,0.0,b5qqxt:b5p598:b5q23f,LEGACY:TRADING:nan,False,2019-03-26,320.0,26_03_19,0.32597096000000003,32.123560000000005,0.10865698666666668,1.51745496,160.97385857,0.50581832,1.1565739800000001,126.90258032999999,0.38552466,0.0,0.0,0.0,3.0,320.0,1.0,0.0,0.0,0.0,0.0,0.0,0.0,0.2370342165231704,26.2323025316,0.07901140550772347,0.45548611879348755,37.797598846256726,0.15182870626449585,0.0427835434675216,3.985076006501907,0.014261181155840533,1.4552445113658905,159.28701534867284,0.4850815037886302,0.7769345641136169,89.47378122806549,0.2589781880378723,0.032516969367861595,3.224228139035393,0.010838989789287198
176419,16410,best,7,11.0,0.0,0.7657142857142858,6.0,11.0,0.0,b5n5ia:b5tss4:b5tghd:b5rh8g:b5q23f:b5pzvl:b5v924,TRADING:nan:GENERAL-NEWS:New Coin:nan:News:nan,False,2019-03-26,87.0,26_03_19,0.7645110439999998,9.416770044000002,0.1092158634285714,3.3071134300000002,41.296420170000005,0.4724447757142857,2.92837558,36.28681028,0.41833936857142856,0.0,0.0,0.0,7.0,87.0,1.0,0.0,0.0,0.0,0.0,0.0,0.0,0.4945127665996549,6.235921904444692,0.07064468094280783,1.3304044380784033,15.81155528873205,0.19005777686834333,0.0994930912274864,1.2175922577734999,0.014213298746783771,3.4130571484565735,42.56574481725693,0.48757959263665335,1.5817237570881844,20.179735504090786,0.2259605367268835,0.080808778526261,0.9894502141978537,0.011544111218037287
176455,16446,better,4,17.0,0.0,0.815,10.0,17.0,0.0,b5n82d:b5n5ia:b5q23f:b5rbu9,SUPPORT:TRADING:nan:nan,False,2019-03-26,67.0,26_03_19,0.47883574,7.9406618,0.119708935,2.0443577900000003,34.274037930000006,0.5110894475000001,1.4768063100000002,24.785299110000004,0.36920157750000004,0.0,0.0,0.0,4.0,67.0,1.0,0.0,0.0,0.0,0.0,0.0,0.0,0.305137015879154,5.185327157378194,0.0762842539697885,0.8338961824774742,14.071505792438984,0.20847404561936855,0.0678853131830691,1.1305230669677235,0.016971328295767276,1.7335469126701355,27.874132692813873,0.4333867281675339,1.005043864250183,17.76790338754654,0.2512609660625458,0.0544904684647915,0.9706044169142798,0.013622617116197874
176380,16371,big,4,60.0,0.0,0.8775,18.0,60.0,0.0,b5k924:b5sz2g:b5pja2:b5v924,POLITICS:GENERAL-NEWS:nan:nan,False,2019-03-26,118.0,26_03_19,0.48161336400000004,15.052787054,0.12040334100000001,1.87757924,54.43845578,0.46939481,1.64080738,48.50875822,0.410201845,0.0,0.0,0.0,4.0,118.0,1.0,0.0,0.0,0.0,0.0,0.0,0.0,0.19250270538032038,5.420937970280645,0.048125676345080096,0.6381802409887312,18.609870150685303,0.1595450602471828,0.0397519285324959,1.1445594064425593,0.009937982133123975,2.194949895143509,65.5181832909584,0.5487374737858772,0.8891056478023528,25.959187872707844,0.2222764119505882,0.0455097325611857,1.3472640223335395,0.011377433140296425
176517,16508,billion,2,21.0,0.0,0.905,9.0,21.0,0.0,b5it5o:b5t3rb,nan:Fundamentals,False,2019-03-26,50.0,26_03_19,0.22537952,6.08232,0.11268976,0.9480325000000001,22.318708700000002,0.47401625000000003,0.82658795,21.59897125,0.413293975,0.0,0.0,0.0,2.0,50.0,1.0,0.0,0.0,0.0,0.0,0.0,0.0,0.21914808452129358,6.273388400673866,0.10957404226064679,0.5833482593297958,16.2588017731905,0.2916741296648979,0.030116113834083,0.8268426144495585,0.0150580569170415,0.8200417160987854,17.010606706142426,0.4100208580493927,0.3247469812631607,9.010300621390343,0.16237349063158035,0.022598904557526,0.6200610352680052,0.011299452278763
176556,16547,binance,3,2.0,0.0,0.6666666666666666,4.0,2.0,0.0,b5jlgu:b5tpex:b5nw1i,nan:POLITICS:nan,True,2019-03-26,36.0,26_03_19,0.40565112000000003,4.848213599999999,0.13521704,1.3186362,15.778964400000001,0.43954540000000003,1.27571268,15.372822030000002,0.42523756,0.0,0.0,0.0,3.0,36.0,1.0,0.0,0.0,0.0,0.0,0.0,0.0,0.3262082375586033,4.00215769931674,0.1087360791862011,0.8205623328685758,10.080682545900343,0.2735207776228586,0.043189102783799,0.5281764194369296,0.014396367594599667,1.1232481002807617,13.211816370487213,0.3744160334269206,0.6499675512313843,7.732294902205467,0.21665585041046143,0.0368247134611008,0.444872535765168,0.012274904487033599
176386,16377,bing,2,72.0,0.0,0.835,15.0,72.0,0.0,b5rx7m:b5vrjo,MEDIA:GENERAL-NEWS,True,2019-03-26,107.0,26_03_19,0.24003556,12.22661788,0.12001778,0.9334446000000001,52.926036,0.46672230000000003,0.82651988,41.84734897,0.41325994,0.0,0.0,0.0,2.0,107.0,1.0,0.0,0.0,0.0,0.0,0.0,0.0,0.2345960140228271,11.084190875291819,0.11729800701141355,0.6344993710517883,31.51401776075363,0.31724968552589417,0.0345663651823997,1.8197943326085793,0.01728318259119985,0.6701821088790894,39.38547569513321,0.3350910544395447,0.3959031850099563,21.44595661759376,0.19795159250497815,0.030252900905907,1.7505585718899885,0.0151264504529535
176184,16175,bitcoin,28,654.0,0.0,0.6925,320.0,654.0,0.0,b5ijx7:b5qqxt:b5ltrx:b5q6x3:b5t9hv:b5q4oi:b5jrkl:b5qdif:b5ims1:b5n5ia:b5nuw3:b5r05o:b5o1no:b5jy60:b5w3u9:b5wohg:b5tt3c:b5tnce:b5t3rb:b5sn89:b5qpai:b5ocav:b5sw3i:b5q3u1:b5q23f:b5pg77:b5nj4y:b5t1vf,MEDIA:LEGACY:GENERAL-NEWS:TRADING:GENERAL-NEWS:MEDIA:GENERAL-NEWS:GENERAL-NEWS:FOCUSED-DISCUSSION:TRADING:TRADING:FINANCE:GENERAL-NEWS:TRADING:COMEDY:GENERAL-NEWS:METRICS:TRADING:Fundamentals:nan:Technicals:nan:nan:nan:nan:Sentiment:Sentiment:Sentiment,True,2019-03-26,1254.0,26_03_19,3.27006916,138.94057810999996,0.11678818428571427,12.881809100000003,582.37131913,0.4600646107142857,11.848121710000001,532.68809594,0.42314720392857147,0.0,0.0,0.0,28.0,1254.0,1.0,0.0,0.0,0.0,0.0,0.0,0.0,2.8844274096190925,113.62526059150692,0.1030152646292533,7.289706401526927,260.4910978376865,0.2603466571973902,0.43929257243871583,18.92964481562373,0.015689020444239855,10.728446453809738,549.8395929932594,0.38315880192177637,6.300128728151321,295.7649084031582,0.22500459743397577,0.3579985788091998,15.349506953731089,0.012785663528899992
176427,16418,bitcoin national,2,27.0,0.0,0.74,36.0,27.0,0.0,b5q4oi:b5ims1,MEDIA:FOCUSED-DISCUSSION,True,2019-03-26,83.0,26_03_19,0.2171856,9.1539114,0.1085928,0.9569785000000001,41.259905200000006,0.47848925000000003,0.82583588,32.58618461,0.41291794,0.0,0.0,0.0,2.0,83.0,1.0,0.0,0.0,0.0,0.0,0.0,0.0,0.16551379114389408,7.576876908540721,0.08275689557194704,0.4145884662866592,21.06643635034561,0.2072942331433296,0.0294697498902678,1.3317637126892794,0.0147348749451339,0.898953378200531,34.00905805826187,0.4494766891002655,0.4641635715961455,17.712598323822018,0.23208178579807276,0.0273110326379536,1.3032627776265082,0.0136555163189768
176451,16442,bitcoin price,4,28.0,0.0,0.64,0.0,28.0,0.0,b5qdif:b5nuw3:b5qpai:b5t1vf,GENERAL-NEWS:TRADING:Technicals:Sentiment,True,2019-03-26,68.0,26_03_19,0.5183755800000001,8.78690108,0.12959389500000001,1.8210889,30.101240200000003,0.455272225,1.6605355,29.1118588,0.415133875,0.0,0.0,0.0,4.0,68.0,1.0,0.0,0.0,0.0,0.0,0.0,0.0,0.5503383576869963,9.3661430478096,0.1375845894217491,1.5076542496681211,24.918513417243954,0.3769135624170303,0.0742748379707335,1.2383137419819805,0.018568709492683376,1.1810161769390106,19.800309598445892,0.29525404423475266,0.630610927939415,11.744193106889725,0.15765273198485374,0.056105514056980305,0.9325282257050221,0.014026378514245076
176400,16391,bitwise,2,50.0,0.0,0.79,25.0,50.0,0.0,b5ojpe:b5og29,GENERAL-NEWS:FINANCE,True,2019-03-26,95.0,26_03_19,0.23944832,10.916855600000002,0.11972416,0.8746522,42.1921852,0.4373261,0.88589949,41.89095942,0.442949745,0.0,0.0,0.0,2.0,95.0,1.0,0.0,0.0,0.0,0.0,0.0,0.0,0.2086745500564575,8.197501689195631,0.10433727502822875,0.5544376373291015,22.54750049114227,0.2772188186645507,0.032366553321480696,1.460121482610701,0.016183276660740348,0.5191452205181122,23.344117552042007,0.2595726102590561,0.6539708822965622,37.83479315042496,0.3269854411482811,0.0314052468165754,1.6159713268279978,0.0157026234082877
176635,16626,block,2,2.0,0.0,0.575,3.0,2.0,0.0,b5pn54:b5lkjl,EXCHANGE:FINANCE,True,2019-03-26,25.0,26_03_19,0.19613088,2.4475269600000003,0.09806544,1.02610133,12.857245930000001,0.513050665,0.77776775,9.695226550000001,0.388883875,0.0,0.0,0.0,2.0,25.0,1.0,0.0,0.0,0.0,0.0,0.0,0.0,0.1635092049837112,2.0421784222126,0.0817546024918556,0.346090592443943,4.5025444105267525,0.1730452962219715,0.024662845768034403,0.3085433561354868,0.012331422884017201,1.0339103937149048,12.977052211761475,0.5169551968574524,0.4125070571899414,4.929166734218597,0.2062535285949707,0.0193199580535292,0.24051556456834,0.0096599790267646
176194,16185,blockchain,21,394.0,0.0,0.7638095238095237,103.0,394.0,0.0,b5oixc:b5k924:b5o50a:b5qpzg:b5lvct:b5s2c1:b5p052:b5o0bu:b5t6x7:b5it5o:b5kn6o:b5lkjl:b5u1sd:b5vjbn:b5tss4:b5w2es:b5o6xt:b5rh8g:b5maci:b5q23f:b5jk18,TRADING:POLITICS:MEDIA:GENERAL-NEWS:PRIVACY:GENERAL-NEWS:GENERAL-NEWS:MEDIA:GENERAL-NEWS:nan:GENERAL-NEWS:FINANCE:FINANCE:GENERAL-NEWS:nan:GENERAL-NEWS:nan:New Coin:nan:nan:News,True,2019-03-26,707.0,26_03_19,2.5171775700000003,82.08676253000002,0.11986559857142856,9.67968358,322.18735792000007,0.4609373133333334,8.803138409999999,302.72585557,0.4191970671428571,0.0,0.0,0.0,20.0,664.0,0.9523809523809523,1.0,43.0,0.047619047619047616,0.4588,19.7284,0.021847619047619046,1.8718796446919441,54.07740746438502,0.0891371259377116,4.57238344848156,119.70927971601483,0.21773254516578855,0.310085140168666,9.48285636957732,0.014765959055650762,8.689924448728561,330.68137523531914,0.4138059261299315,5.273662358522415,184.5080141276121,0.2511267789772579,0.2820652518421399,8.541091908700713,0.013431678659149519
176559,16550,blockchain reshaping,2,14.0,0.0,0.73,1.0,14.0,0.0,b5qpzg:b5o0bu,GENERAL-NEWS:MEDIA,True,2019-03-26,35.0,26_03_19,0.25736752,4.5039316,0.12868376,0.8493108,14.862939,0.4246554,0.8933217,15.633129749999998,0.44666085,0.0,0.0,0.0,2.0,35.0,1.0,0.0,0.0,0.0,0.0,0.0,0.0,0.2759113907814026,4.828449338674545,0.1379556953907013,0.7029979228973388,12.302463650703427,0.3514989614486694,0.0353975258767604,0.619456702843307,0.0176987629383802,0.5707248449325562,9.987684786319733,0.2853624224662781,0.3884345591068268,6.797604784369469,0.1942172795534134,0.0265337917953728,0.46434135641902397,0.0132668958976864
176411,16402,blockchain week,4,48.0,0.0,0.7825,1.0,48.0,0.0,b5o50a:b5lvct:b5u1sd:b5o6xt,MEDIA:PRIVACY:FINANCE:nan,True,2019-03-26,89.0,26_03_19,0.47657257,10.74069969,0.1191431425,1.88479076,42.18281184,0.47119769,1.63863637,36.07648039,0.4096590925,0.0,0.0,0.0,4.0,89.0,1.0,0.0,0.0,0.0,0.0,0.0,0.0,0.3467207998037336,7.6625904291868165,0.0866801999509334,0.8772962540388106,19.49374489486217,0.21932406350970265,0.0654786080121992,1.4264579229056786,0.0163696520030498,1.4991233050823212,34.20061492919922,0.3747808262705803,1.1365973055362701,24.533605009317398,0.28414932638406754,0.07478375360369668,1.6829872112721178,0.01869593840092417
176549,16540,breaking,3,6.0,0.0,0.5666666666666667,2.0,6.0,0.0,b5nuw3:b5jy60:b5sw3i,TRADING:TRADING:nan,False,2019-03-26,38.0,26_03_19,0.38605128,4.88998288,0.12868376,1.2739662,16.1369052,0.4246554,1.33998255,16.9731123,0.44666085,0.0,0.0,0.0,3.0,38.0,1.0,0.0,0.0,0.0,0.0,0.0,0.0,0.4138670861721039,5.242316424846649,0.1379556953907013,1.054496884346008,13.356960535049435,0.3514989614486694,0.0530962888151406,0.6725529916584476,0.0176987629383802,0.8560872673988342,10.843772053718567,0.2853624224662781,0.5826518386602402,7.380256623029709,0.1942172795534134,0.0398006876930592,0.5041420441120832,0.0132668958976864
176629,16620,breaking bitcoin,2,6.0,0.0,0.7,0.0,6.0,0.0,b5nuw3:b5sw3i,TRADING:nan,True,2019-03-26,26.0,26_03_19,0.25736752,3.34577776,0.12868376,0.8493108,11.0410404,0.4246554,0.8933217,11.6131821,0.44666085,0.0,0.0,0.0,2.0,26.0,1.0,0.0,0.0,0.0,0.0,0.0,0.0,0.2759113907814026,3.5868480801582336,0.1379556953907013,0.7029979228973388,9.138972997665403,0.3514989614486694,0.0353975258767604,0.46016783639788517,0.0176987629383802,0.5707248449325562,7.41942298412323,0.2853624224662781,0.3884345591068268,5.049649268388748,0.1942172795534134,0.0265337917953728,0.3449392933398464,0.0132668958976864
176531,16522,breakout,2,2.0,0.0,0.615,24.0,2.0,0.0,b5tnce:b5pmvq,TRADING:Sentiment,True,2019-03-26,46.0,26_03_19,0.23944832,5.70442256,0.11972416,0.8746522,19.8382452,0.4373261,0.88589949,20.45733258,0.442949745,0.0,0.0,0.0,2.0,46.0,1.0,0.0,0.0,0.0,0.0,0.0,0.0,0.2086745500564575,5.539119899272919,0.10433727502822875,0.5544376373291015,14.386228799819945,0.2772188186645507,0.032366553321480696,0.7777714245021328,0.016183276660740348,0.5191452205181122,12.507715940475464,0.2595726102590561,0.6539708822965622,12.120430737733841,0.3269854411482811,0.0314052468165754,0.6687346715480056,0.0157026234082877
176215,16206,btc,9,169.0,0.0,0.7611111111111112,177.0,169.0,0.0,b5qqxt:b5p598:b5q1mz:b5scok:b5tngd:b5sn89:b5qpai:b5q3u1:b5t1vf,LEGACY:TRADING:ADOPTION:EXCHANGE:nan:nan:Technicals:nan:Sentiment,True,2019-03-26,436.0,26_03_19,1.0441182000000002,46.577896360000004,0.11601313333333334,4.33082169,217.00304091000004,0.48120240999999997,3.6250599000000006,172.41905770000002,0.4027844333333334,0.0,0.0,0.0,9.0,436.0,1.0,0.0,0.0,0.0,0.0,0.0,0.0,0.8816819861531255,37.69568278640509,0.09796466512812506,2.031450308859348,66.86109253019093,0.225716700984372,0.1352159790694711,5.778453172184517,0.015023997674385678,3.8468144237995148,207.25628310441968,0.42742382486661273,2.000135362148285,113.83600351214409,0.22223726246092054,0.1047020358964795,4.572486202232521,0.011633559544053278
176325,16316,btc store,2,57.0,0.0,0.875,103.0,57.0,0.0,b5p598:b5sn89,TRADING:nan,True,2019-03-26,180.0,26_03_19,0.24388854,19.7890902,0.12194427,1.03256113,91.62909354,0.516280565,0.72355025,68.5818129,0.361775125,0.0,0.0,0.0,2.0,180.0,1.0,0.0,0.0,0.0,0.0,0.0,0.0,0.1669187471270561,14.91300170123577,0.08345937356352805,0.3836363181471824,27.079889640212055,0.1918181590735912,0.028944618999958004,2.3912415057420695,0.014472309499979002,0.9244310855865479,86.75229120254515,0.4622155427932739,0.4748316705226898,47.012756288051605,0.2374158352613449,0.0212374636903404,1.8508166167884985,0.0106187318451702
176577,16568,btc usd,2,12.0,0.0,0.875,1.0,12.0,0.0,b5scok:b5qpai,EXCHANGE:Technicals,True,2019-03-26,33.0,26_03_19,0.23451756,3.8352648,0.11725878,0.8728447,14.437238400000002,0.43642235,0.8926377,14.72749605,0.44631885,0.0,0.0,0.0,2.0,33.0,1.0,0.0,0.0,0.0,0.0,0.0,0.0,0.20682916790246958,3.3090579360723487,0.10341458395123479,0.48308701813220967,7.641069442033766,0.24154350906610483,0.0303009105846285,0.4923201017081724,0.01515045529231425,0.7994961142539978,13.534842789173126,0.3997480571269989,0.456694945693016,7.637857183814048,0.228347472846508,0.0235919235274194,0.38485393580049,0.0117959617637097
176662,16653,bullish,2,3.0,0.0,0.875,0.0,3.0,0.0,b5kn0z:b5pmvq,WARNING:Sentiment,False,2019-03-26,23.0,26_03_19,0.22449502999999998,2.58020989,0.11224751499999999,0.8684479599999999,10.002924359999998,0.43422397999999995,0.90705708,10.41686652,0.45352854,0.0,0.0,0.0,2.0,23.0,1.0,0.0,0.0,0.0,0.0,0.0,0.0,0.1128128431737422,1.3116601295769204,0.0564064215868711,0.2694920450448989,3.16735117137432,0.13474602252244944,0.018271856242790797,0.2156582090537993,0.009135928121395399,1.0515341460704803,11.800658404827118,0.5257670730352402,0.5266413912177085,6.252808906137942,0.26332069560885424,0.0212478258181362,0.25186443491838717,0.0106239129090681
176282,16273,business,3,58.0,0.0,0.8066666666666666,103.0,58.0,0.0,b5p598:b5sn89:b5q23f,TRADING:nan:nan,True,2019-03-26,191.0,26_03_19,0.37098926,21.18719812,0.12366308666666666,1.54456763,97.26116504,0.5148558766666667,1.08444293,72.55163238,0.3614809766666667,0.0,0.0,0.0,3.0,191.0,1.0,0.0,0.0,0.0,0.0,0.0,0.0,0.2393193319439887,15.709408134222027,0.07977311064799623,0.6106398478150368,29.576928466558453,0.20354661593834558,0.047237172722816405,2.592459596693512,0.015745724240938803,1.3812133967876434,91.7768966257572,0.46040446559588116,0.6878115236759186,49.35553467273712,0.22927050789197287,0.0337785342708228,1.988768393173805,0.0112595114236076
176395,16386,buy,3,35.0,0.0,0.7633333333333333,37.0,35.0,0.0,b5m52p:b5scok:b5q23f,PRIVACY:EXCHANGE:nan,False,2019-03-26,102.0,26_03_19,0.36161828,12.6970308,0.12053942666666667,1.3848512,44.69932310000001,0.46161706666666663,1.25353038,44.60364482999999,0.41784346,0.0,0.0,0.0,3.0,102.0,1.0,0.0,0.0,0.0,0.0,0.0,0.0,0.2792297527194022,12.106894701719284,0.09307658423980074,0.710090547800064,30.52504803240299,0.236696849266688,0.0485934643074869,1.7200664430856665,0.016197821435828968,1.2562784254550934,35.110468715429306,0.4187594751516978,0.6696747988462447,21.245237782597542,0.22322493294874823,0.0361329941079018,1.2922856742516076,0.0120443313693006
176408,16399,buy sell,2,34.0,0.0,0.81,37.0,34.0,0.0,b5m52p:b5scok,PRIVACY:EXCHANGE,True,2019-03-26,91.0,26_03_19,0.23451756,11.298922880000001,0.11725878,0.8728447,39.067251600000006,0.43642235,0.8926377,40.633825349999995,0.44631885,0.0,0.0,0.0,2.0,91.0,1.0,0.0,0.0,0.0,0.0,0.0,0.0,0.20682916790246958,11.310488268733025,0.10341458395123479,0.48308701813220967,28.02800920605659,0.24154350906610483,0.0303009105846285,1.518848352134224,0.01515045529231425,0.7994961142539978,30.085863292217255,0.3997480571269989,0.456694945693016,18.902459397912025,0.228347472846508,0.0235919235274194,1.1543338978663011,0.0117959617637097
176600,16591,cap,2,4.0,0.0,0.875,6.0,4.0,0.0,b5o1no:b5lwd3,GENERAL-NEWS:Technical Analysis,True,2019-03-26,30.0,26_03_19,0.2171856,3.24123,0.1085928,0.9569785000000001,14.172877800000002,0.47848925000000003,0.82583588,12.58589166,0.41291794,0.0,0.0,0.0,2.0,30.0,1.0,0.0,0.0,0.0,0.0,0.0,0.0,0.16551379114389408,2.399406328797339,0.08275689557194704,0.4145884662866592,5.764589935541152,0.2072942331433296,0.0294697498902678,0.42924988456070345,0.0147348749451339,0.898953378200531,13.87224268913269,0.4494766891002655,0.4641635715961455,7.144828855991362,0.23208178579807276,0.0273110326379536,0.38968255743384117,0.0136555163189768
176680,16671,capital,2,2.0,0.0,0.835,0.0,2.0,0.0,b5tss4:b5q23f,nan:nan,True,2019-03-26,22.0,26_03_19,0.26586582999999997,2.92452413,0.13293291499999998,0.94944925,10.44394175,0.474724625,0.78468488,8.63153368,0.39234244,0.0,0.0,0.0,2.0,22.0,1.0,0.0,0.0,0.0,0.0,0.0,0.0,0.1226974315941333,1.3496717475354663,0.06134871579706665,0.3445679396390914,3.7902473360300055,0.1722839698195457,0.026084130629897,0.286925436928867,0.0130420653149485,1.0093055665493011,11.102361232042313,0.5046527832746506,0.4745128452777862,5.219641298055649,0.2372564226388931,0.0228319922462104,0.2511519147083144,0.0114159961231052
176437,16428,card,2,27.0,0.0,0.645,27.0,27.0,0.0,b5pgkw:b5na6u,EXCHANGE:RELEASE,True,2019-03-26,74.0,26_03_19,0.26834324,10.03894364,0.13417162,0.94404345,34.099712249999996,0.472021725,0.78761344,29.861348800000002,0.39380672,0.0,0.0,0.0,2.0,74.0,1.0,0.0,0.0,0.0,0.0,0.0,0.0,0.0796898622065782,3.199370877817272,0.0398449311032891,0.3686881959438323,12.038750737905499,0.18434409797191614,0.0214800722897051,0.7239996530115539,0.01074003614485255,1.1434157490730286,41.84595185518265,0.5717078745365143,0.3624642565846443,15.338398225605488,0.18123212829232216,0.0242619067430495,0.8535297885537094,0.01213095337152475
176630,16621,cardano,2,5.0,0.0,0.65,1.0,5.0,0.0,b5ralx:b5pmvq,EXCHANGE:Sentiment,True,2019-03-26,26.0,26_03_19,0.24952966999999998,3.2718862599999996,0.12476483499999999,0.88743955,11.5241601,0.443719775,0.86303084,11.20395448,0.43151542,0.0,0.0,0.0,2.0,26.0,1.0,0.0,0.0,0.0,0.0,0.0,0.0,0.1210157014429569,1.552782110869884,0.06050785072147845,0.3205030858516692,4.081165850162504,0.1602515429258346,0.0224593672901391,0.2850955612957464,0.01122968364506955,0.7863060534000397,10.540719151496887,0.39315302670001984,0.7212865948677063,9.17850512266159,0.36064329743385315,0.028429272584617,0.36173311434686,0.0142146362923085
176561,16552,cases,2,14.0,0.0,0.73,1.0,14.0,0.0,b5qpzg:b5o0bu,GENERAL-NEWS:MEDIA,True,2019-03-26,35.0,26_03_19,0.25736752,4.5039316,0.12868376,0.8493108,14.862939,0.4246554,0.8933217,15.633129749999998,0.44666085,0.0,0.0,0.0,2.0,35.0,1.0,0.0,0.0,0.0,0.0,0.0,0.0,0.2759113907814026,4.828449338674545,0.1379556953907013,0.7029979228973388,12.302463650703427,0.3514989614486694,0.0353975258767604,0.619456702843307,0.0176987629383802,0.5707248449325562,9.987684786319733,0.2853624224662781,0.3884345591068268,6.797604784369469,0.1942172795534134,0.0265337917953728,0.46434135641902397,0.0132668958976864
176560,16551,cases supply,2,14.0,0.0,0.73,1.0,14.0,0.0,b5qpzg:b5o0bu,GENERAL-NEWS:MEDIA,True,2019-03-26,35.0,26_03_19,0.25736752,4.5039316,0.12868376,0.8493108,14.862939,0.4246554,0.8933217,15.633129749999998,0.44666085,0.0,0.0,0.0,2.0,35.0,1.0,0.0,0.0,0.0,0.0,0.0,0.0,0.2759113907814026,4.828449338674545,0.1379556953907013,0.7029979228973388,12.302463650703427,0.3514989614486694,0.0353975258767604,0.619456702843307,0.0176987629383802,0.5707248449325562,9.987684786319733,0.2853624224662781,0.3884345591068268,6.797604784369469,0.1942172795534134,0.0265337917953728,0.46434135641902397,0.0132668958976864
176468,16459,cash,2,24.0,0.0,0.69,16.0,24.0,0.0,b5jrkl:b5q23f,GENERAL-NEWS:nan,True,2019-03-26,60.0,26_03_19,0.22599258,6.24380906,0.11299629,0.9872244000000001,28.917748600000003,0.49361220000000006,0.78678292,24.83844124,0.39339146,0.0,0.0,0.0,2.0,60.0,1.0,0.0,0.0,0.0,0.0,0.0,0.0,0.16421994566917408,5.295555114746092,0.08210997283458704,0.5038803368806839,16.064002379775047,0.25194016844034195,0.0350035186856984,1.0200553741306024,0.0175017593428492,0.7302680611610413,18.42540717124939,0.36513403058052063,0.5407186746597289,18.401980638504025,0.27035933732986445,0.0259094163775443,0.7930007204413395,0.01295470818877215
176679,16670,cashed,2,2.0,0.0,0.835,0.0,2.0,0.0,b5q23f:b5v924,nan:nan,True,2019-03-26,22.0,26_03_19,0.243542044,2.678962484,0.121771022,0.99795265,10.97747915,0.498976325,0.75850522,8.34355742,0.37925261,0.0,0.0,0.0,2.0,22.0,1.0,0.0,0.0,0.0,0.0,0.0,0.0,0.1144945733249186,1.2594403065741044,0.0572472866624593,0.2935568988323211,3.229125887155532,0.14677844941616056,0.021896619582548703,0.24086281540803572,0.010948309791274351,1.2745336592197418,14.01987025141716,0.6372668296098709,0.27986764162778843,3.0785440579056726,0.13993382081389422,0.015650545479729598,0.1721560002770256,0.007825272739864799
176678,16669,cent,2,1.0,0.0,0.55,1.0,1.0,0.0,b5lt26:b5lt42,RELEASE:Tool,True,2019-03-26,22.0,26_03_19,0.22152912,2.43682032,0.11076456,0.8999936,9.8999296,0.4499968,0.87847728,9.663250080000001,0.43923864,0.0,0.0,0.0,2.0,22.0,1.0,0.0,0.0,0.0,0.0,0.0,0.0,0.1414377093315124,1.5558148026466365,0.0707188546657562,0.4058773517608642,4.464650869369506,0.2029386758804321,0.029335580766201,0.322691388428211,0.0146677903831005,0.4675655961036682,5.14322155714035,0.2337827980518341,0.9195072054862976,10.114579260349274,0.4597536027431488,0.036276701837778,0.399043720215558,0.018138350918889
176683,16674,cent rewards,2,1.0,0.0,0.55,1.0,1.0,0.0,b5lt26:b5lt42,RELEASE:Tool,True,2019-03-26,22.0,26_03_19,0.22152912,2.43682032,0.11076456,0.8999936,9.8999296,0.4499968,0.87847728,9.663250080000001,0.43923864,0.0,0.0,0.0,2.0,22.0,1.0,0.0,0.0,0.0,0.0,0.0,0.0,0.1414377093315124,1.5558148026466365,0.0707188546657562,0.4058773517608642,4.464650869369506,0.2029386758804321,0.029335580766201,0.322691388428211,0.0146677903831005,0.4675655961036682,5.14322155714035,0.2337827980518341,0.9195072054862976,10.114579260349274,0.4597536027431488,0.036276701837778,0.399043720215558,0.018138350918889
176331,16322,ceo,4,58.0,0.0,0.53,77.0,58.0,0.0,b5ims1:b5wjx4:b5w2es:b5nw1i,FOCUSED-DISCUSSION:nan:GENERAL-NEWS:nan,True,2019-03-26,175.0,26_03_19,0.4566599,20.217778680000002,0.114164975,1.77309023,78.70789094,0.4432725575,1.77024995,76.07435264999998,0.4425624875,0.0,0.0,0.0,4.0,175.0,1.0,0.0,0.0,0.0,0.0,0.0,0.0,0.35329078137874587,14.015386387705796,0.08832269534468647,0.8631197065114973,41.573137223720536,0.21577992662787432,0.0635405164211987,3.370311461389061,0.015885129105299677,1.6236886084079742,59.2945773601532,0.40592215210199356,1.0368903428316116,52.80585627257824,0.2592225857079029,0.059470170177519,3.940730798058199,0.01486754254437975
176562,16553,chains,2,14.0,0.0,0.73,1.0,14.0,0.0,b5qpzg:b5o0bu,GENERAL-NEWS:MEDIA,True,2019-03-26,35.0,26_03_19,0.25736752,4.5039316,0.12868376,0.8493108,14.862939,0.4246554,0.8933217,15.633129749999998,0.44666085,0.0,0.0,0.0,2.0,35.0,1.0,0.0,0.0,0.0,0.0,0.0,0.0,0.2759113907814026,4.828449338674545,0.1379556953907013,0.7029979228973388,12.302463650703427,0.3514989614486694,0.0353975258767604,0.619456702843307,0.0176987629383802,0.5707248449325562,9.987684786319733,0.2853624224662781,0.3884345591068268,6.797604784369469,0.1942172795534134,0.0265337917953728,0.46434135641902397,0.0132668958976864
176565,16556,chains nan,2,14.0,0.0,0.73,1.0,14.0,0.0,b5qpzg:b5o0bu,GENERAL-NEWS:MEDIA,True,2019-03-26,35.0,26_03_19,0.25736752,4.5039316,0.12868376,0.8493108,14.862939,0.4246554,0.8933217,15.633129749999998,0.44666085,0.0,0.0,0.0,2.0,35.0,1.0,0.0,0.0,0.0,0.0,0.0,0.0,0.2759113907814026,4.828449338674545,0.1379556953907013,0.7029979228973388,12.302463650703427,0.3514989614486694,0.0353975258767604,0.619456702843307,0.0176987629383802,0.5707248449325562,9.987684786319733,0.2853624224662781,0.3884345591068268,6.797604784369469,0.1942172795534134,0.0265337917953728,0.46434135641902397,0.0132668958976864
176414,16405,chance,4,43.0,0.0,0.845,6.0,43.0,0.0,b5o50a:b5n5ia:b5scok:b5o6xt,MEDIA:TRADING:EXCHANGE:nan,True,2019-03-26,89.0,26_03_19,0.46192398,10.46730724,0.115480995,1.9254541299999999,42.95722337,0.48136353249999997,1.6126215,35.57545965,0.403155375,0.0,0.0,0.0,4.0,89.0,1.0,0.0,0.0,0.0,0.0,0.0,0.0,0.314849443733692,7.058880046010014,0.078712360933423,0.6784086003899573,15.78623009473085,0.16960215009748933,0.0529950940981505,1.1913368012756056,0.013248773524537625,1.8635154962539673,40.84371566772461,0.4658788740634918,1.0298849940299988,22.70334702730179,0.2574712485074997,0.060346440412104,1.4164915839210126,0.015086610103026
176511,16502,chance win,2,31.0,0.0,0.815,1.0,31.0,0.0,b5o50a:b5o6xt,MEDIA:nan,True,2019-03-26,52.0,26_03_19,0.25665506,6.67303156,0.12832753,0.9745406,25.3380556,0.4872703,0.768804,19.988904,0.384402,0.0,0.0,0.0,2.0,52.0,1.0,0.0,0.0,0.0,0.0,0.0,0.0,0.1636591553688048,4.255138039588925,0.0818295776844024,0.4325792491436004,11.24706047773361,0.2162896245718002,0.0281474515795706,0.7318337410688356,0.0140737257897853,0.85015070438385,22.1039183139801,0.425075352191925,0.485429972410202,12.621179282665253,0.242714986205101,0.0400334633886814,1.0408700481057163,0.0200167316943407
176204,16195,check,3,17.0,0.0,0.5800000000000001,608.0,17.0,0.0,b5imxn:b5kecl:b5q23f,FOCUSED-DISCUSSION:GENERAL-NEWS:nan,True,2019-03-26,655.0,26_03_19,0.32927162,42.985029880000006,0.10975720666666666,1.44455422,323.90304998,0.48151807333333335,1.22617416,288.11194500000005,0.40872472,0.0,0.0,0.0,3.0,655.0,1.0,0.0,0.0,0.0,0.0,0.0,0.0,0.2117457203567027,57.75598997622727,0.07058190678556757,0.49465882778167714,98.83030600845811,0.1648862759272257,0.0354167567566036,6.196018824353813,0.011805585585534533,1.4764451682567596,306.7163454592228,0.49214838941891986,0.7507528364658356,180.09426271915436,0.2502509454886119,0.030980627983808302,5.407096050679655,0.010326875994602767
176627,16618,checked,2,5.0,0.0,0.685,2.0,5.0,0.0,b5ims1:b5q23f,FOCUSED-DISCUSSION:nan,True,2019-03-26,27.0,26_03_19,0.23293452,3.09144872,0.11646726,0.9601958,12.8031003,0.4800979,0.80686953,11.10544908,0.403434765,0.0,0.0,0.0,2.0,27.0,1.0,0.0,0.0,0.0,0.0,0.0,0.0,0.1412740573287009,1.8983819931745514,0.07063702866435045,0.3585915863513946,4.602447733283042,0.1792957931756973,0.0308947013691067,0.4028524532914152,0.01544735068455335,0.9709160029888153,13.250744491815567,0.48545800149440765,0.4754575192928313,6.542421042919157,0.23772875964641565,0.022866098210215402,0.3031522184610344,0.011433049105107701
176422,16413,claims,2,42.0,0.0,0.925,23.0,42.0,0.0,b5ojpe:b5o1no,GENERAL-NEWS:GENERAL-NEWS,True,2019-03-26,85.0,26_03_19,0.22211636,9.42203448,0.11105818,0.958786,38.9552368,0.479393,0.81909767,36.62272908,0.409548835,0.0,0.0,0.0,2.0,85.0,1.0,0.0,0.0,0.0,0.0,0.0,0.0,0.167359173297882,6.322160214185712,0.083679586648941,0.485939085483551,18.210528254508972,0.2429695427417755,0.031535392627120004,1.2731599248945706,0.015767696313560002,0.6186024844646454,21.683980494737625,0.3093012422323227,0.6614395081996918,35.98224386572838,0.3307197540998459,0.0351243559271096,1.5279316771775442,0.0175621779635548
176522,16513,coin,3,12.0,0.0,0.68,6.0,12.0,0.0,b5n5ia:b5scok:b5pk3h,TRADING:EXCHANGE:nan,True,2019-03-26,48.0,26_03_19,0.30470404,4.888062,0.10156801333333333,1.45363776,23.1491343,0.48454591999999996,1.2416581500000001,19.962802800000002,0.41388605000000006,0.0,0.0,0.0,3.0,48.0,1.0,0.0,0.0,0.0,0.0,0.0,0.0,0.23350710421800608,3.709226980805396,0.07783570140600203,0.36007064580917353,5.795823857188223,0.12002354860305785,0.0370931373909115,0.5942035038024174,0.012364379130303834,1.5125958919525146,24.23133945465088,0.5041986306508383,0.8264323770999908,13.18391865491867,0.27547745903333026,0.030300926417112198,0.48548897914588196,0.010100308805704067
176244,16235,coinbase,5,129.0,0.0,0.6599999999999999,86.0,129.0,0.0,b5t22o:b5r15t:b5ssig:b5x955:b5ukkn,EXCHANGE:EXCHANGE:EXCHANGE:EDUCATIONAL:Exchange,True,2019-03-26,265.0,26_03_19,0.48494019,29.934482159999998,0.096988038,2.5826194300000003,140.0504358,0.5165238860000001,1.9324403,95.01506419,0.38648806,0.0,0.0,0.0,5.0,265.0,1.0,0.0,0.0,0.0,0.0,0.0,0.0,0.45144799351692166,23.50477689504622,0.09028959870338434,1.034624069929123,57.70384985208511,0.20692481398582457,0.1415698993951081,7.526011555455617,0.028313979879021622,1.331323131918907,101.6032539755106,0.2662646263837814,1.8909512162208557,67.75643554329872,0.37819024324417116,0.1500835753977296,6.905653226189297,0.030016715079545918
176281,16272,coinbase earn,2,107.0,0.0,0.56,65.0,107.0,0.0,b5t22o:b5ukkn,EXCHANGE:Exchange,True,2019-03-26,192.0,26_03_19,0.21745482,23.99912542,0.10872741,0.99232114,97.95663754000002,0.49616057,0.79022395,70.04421905000001,0.395111975,0.0,0.0,0.0,2.0,192.0,1.0,0.0,0.0,0.0,0.0,0.0,0.0,0.1359895467758177,13.803984433412536,0.06799477338790885,0.4342981874942779,43.36788010597229,0.21714909374713895,0.028392459265887703,3.422051184810693,0.014196229632943851,0.6595024615526199,84.90751998126507,0.32975123077630997,0.7176218032836914,44.10041487216949,0.3588109016418457,0.0241954261437057,2.3981316862627704,0.01209771307185285
176381,16372,coins,5,39.0,0.0,0.776,24.0,39.0,0.0,b5n82d:b5se8e:b5scok:b5q23f:b5v1yl,SUPPORT:GENERAL-NEWS:EXCHANGE:nan:Analysis,True,2019-03-26,113.0,26_03_19,0.5659929100000001,12.18097394,0.11319858200000002,2.50275823,56.70726804,0.500551646,1.9312487099999998,44.1117565,0.38624974199999995,0.0,0.0,0.0,5.0,113.0,1.0,0.0,0.0,0.0,0.0,0.0,0.0,0.3929433077573774,9.122711896896359,0.07858866155147548,1.0437253266572952,23.341038152575486,0.20874506533145903,0.0759811624884604,1.6415674984455082,0.01519623249769208,2.184006780385971,48.70608893036842,0.4368013560771942,1.241658627986908,28.812816500663757,0.2483317255973816,0.0616846261546012,1.3757740575820128,0.01233692523092024
176191,16182,com,7,81.0,0.0,0.7128571428571429,635.0,81.0,0.0,b5t9hv:b5imxn:b5tss4:b5sn89:b5ng23:b5v1yl:b5ukkn,GENERAL-NEWS:FOCUSED-DISCUSSION:nan:nan:nan:Analysis:Exchange,True,2019-03-26,786.0,26_03_19,0.75719083,57.36206951000001,0.10817011857142857,3.39307282,387.92224293000004,0.4847246885714286,2.84973637,340.71571049,0.4071051957142857,0.0,0.0,0.0,6.0,774.0,0.8571428571428571,1.0,12.0,0.14285714285714285,0.4588,5.505599999999999,0.06554285714285714,0.5014816112816332,67.45132030174135,0.07164023018309044,1.143102057278156,121.03181681036946,0.16330029389687944,0.08148818742483839,7.831279962323603,0.01164116963211977,3.121968850493431,367.8627440482378,0.44599555007049013,2.0800624936819077,215.11285305023193,0.29715178481170107,0.0718967709690328,6.710003346204722,0.0102709672812904
176529,16520,com watch,2,14.0,0.0,0.675,12.0,14.0,0.0,b5ng23:b5v1yl,nan:Analysis,True,2019-03-26,46.0,26_03_19,0.20894683000000003,3.9022893400000003,0.10447341500000001,1.0043596,22.94462454,0.5021798,0.78669358,19.15308712,0.39334679,0.0,0.0,0.0,1.0,34.0,0.5,1.0,12.0,0.5,0.4588,5.505599999999999,0.2294,0.15853655338287348,3.861500993371009,0.07926827669143674,0.3021214604377746,6.927457064390181,0.1510607302188873,0.0255606798455119,0.5120459329336879,0.01278033992275595,0.8890372514724731,20.945518255233765,0.4445186257362366,0.6036567687988281,13.321161031723022,0.30182838439941406,0.0210873261094092,0.43231789954006417,0.0105436630547046
176306,16297,come,2,96.0,0.0,0.78,66.0,96.0,0.0,b5qqxt:b5q23f,LEGACY:nan,False,2019-03-26,182.0,26_03_19,0.22653584,18.401513440000002,0.11326792,1.0147307300000001,91.59791483,0.5073653650000001,0.7587333300000001,72.00057063,0.37936666500000005,0.0,0.0,0.0,2.0,182.0,1.0,0.0,0.0,0.0,0.0,0.0,0.0,0.1547174006700515,14.87258194386959,0.07735870033502575,0.34124482423067093,22.032300196588036,0.17062241211533546,0.03053804859519,2.295197714120146,0.015269024297595,0.956013411283493,90.393123537302,0.4780067056417465,0.4949572086334228,50.560906171798706,0.2474786043167114,0.022529019974171997,1.845891122706228,0.011264509987085999
176670,16661,common,2,1.0,0.0,0.46,1.0,1.0,0.0,b5q23f:b5ukkn,nan:Exchange,False,2019-03-26,22.0,26_03_19,0.21745482,2.3920030199999998,0.10872741,0.99232114,10.915532540000001,0.49616057,0.79022395,8.69246345,0.395111975,0.0,0.0,0.0,2.0,22.0,1.0,0.0,0.0,0.0,0.0,0.0,0.0,0.1359895467758177,1.4958850145339946,0.06799477338790885,0.4342981874942779,4.7772800624370575,0.21714909374713895,0.028392459265887703,0.3123170519247647,0.014196229632943851,0.6595024615526199,7.254527077078819,0.32975123077630997,0.7176218032836914,7.8938398361206055,0.3588109016418457,0.0241954261437057,0.2661496875807627,0.01209771307185285
176626,16617,company,2,5.0,0.0,0.685,2.0,5.0,0.0,b5ims1:b5q23f,FOCUSED-DISCUSSION:nan,True,2019-03-26,27.0,26_03_19,0.23293452,3.09144872,0.11646726,0.9601958,12.8031003,0.4800979,0.80686953,11.10544908,0.403434765,0.0,0.0,0.0,2.0,27.0,1.0,0.0,0.0,0.0,0.0,0.0,0.0,0.1412740573287009,1.8983819931745514,0.07063702866435045,0.3585915863513946,4.602447733283042,0.1792957931756973,0.0308947013691067,0.4028524532914152,0.01544735068455335,0.9709160029888153,13.250744491815567,0.48545800149440765,0.4754575192928313,6.542421042919157,0.23772875964641565,0.022866098210215402,0.3031522184610344,0.011433049105107701
176476,16467,compliance,2,24.0,0.0,0.8,12.0,24.0,0.0,b5tpex:b5sn89,POLITICS:nan,True,2019-03-26,56.0,26_03_19,0.27313718,7.8686162799999995,0.13656859,0.9544923000000001,28.1983254,0.47724615000000004,0.7723704499999999,19.9330551,0.38618522499999997,0.0,0.0,0.0,2.0,56.0,1.0,0.0,0.0,0.0,0.0,0.0,0.0,0.2225576266646385,5.48466084897518,0.11127881333231925,0.6208939850330352,16.235576450824734,0.3104469925165176,0.034397887066006605,0.9491458944976316,0.017198943533003302,0.7105624079704285,21.85347330570221,0.35528120398521423,0.3870715945959091,10.818923145532606,0.19353579729795456,0.0245164101943372,0.6582161430269432,0.0122582050971686
176283,16274,computer,2,100.0,0.0,0.875,70.0,100.0,0.0,b5qqxt:b5n5ia,LEGACY:TRADING,True,2019-03-26,190.0,26_03_19,0.19887024,18.8926728,0.09943512,1.00544846,95.5176037,0.50272423,0.7956813,75.5897235,0.39784065,0.0,0.0,0.0,2.0,190.0,1.0,0.0,0.0,0.0,0.0,0.0,0.0,0.1646336317062378,15.64019501209259,0.0823168158531189,0.2284825891256332,21.705845966935154,0.1142412945628166,0.0244909897446632,2.326644025743004,0.0122454948723316,0.9984622001647948,94.8539090156555,0.4992311000823974,0.5639547109603882,53.57569754123688,0.2819773554801941,0.0199758987873792,1.897710384801024,0.0099879493936896
176199,16190,consider,4,23.0,0.0,0.8,613.0,23.0,0.0,b5imxn:b5n5ia:b5wav2:b5q23f,FOCUSED-DISCUSSION:TRADING:nan:nan,False,2019-03-26,676.0,26_03_19,0.41704235,45.01185470000001,0.1042605875,2.0218422,335.22446084999996,0.50546055,1.56111529,295.76370751,0.3902788225,0.0,0.0,0.0,4.0,676.0,1.0,0.0,0.0,0.0,0.0,0.0,0.0,0.31616627424955346,59.68584802746771,0.07904156856238836,0.718339242041111,102.5492888614535,0.17958481051027775,0.058163228444755,6.570278102532029,0.01454080711118875,1.8799353241920471,316.15789154171944,0.4699838310480118,0.9841770529747009,185.39226078987122,0.24604426324367523,0.0432187262922523,5.644450719468266,0.010804681573063074
176625,16616,constantly,2,5.0,0.0,0.685,2.0,5.0,0.0,b5ims1:b5q23f,FOCUSED-DISCUSSION:nan,False,2019-03-26,27.0,26_03_19,0.23293452,3.09144872,0.11646726,0.9601958,12.8031003,0.4800979,0.80686953,11.10544908,0.403434765,0.0,0.0,0.0,2.0,27.0,1.0,0.0,0.0,0.0,0.0,0.0,0.0,0.1412740573287009,1.8983819931745514,0.07063702866435045,0.3585915863513946,4.602447733283042,0.1792957931756973,0.0308947013691067,0.4028524532914152,0.01544735068455335,0.9709160029888153,13.250744491815567,0.48545800149440765,0.4754575192928313,6.542421042919157,0.23772875964641565,0.022866098210215402,0.3031522184610344,0.011433049105107701
176482,16473,consumers,2,26.0,0.0,0.965,9.0,26.0,0.0,b5sn89:b5rh8g,nan:New Coin,True,2019-03-26,55.0,26_03_19,0.25028722000000003,7.44288304,0.12514361000000002,0.9780262000000001,28.079610700000003,0.48901310000000003,0.77168645,19.47750225,0.385843225,0.0,0.0,0.0,2.0,55.0,1.0,0.0,0.0,0.0,0.0,0.0,0.0,0.1534754037857055,4.44863625615835,0.07673770189285276,0.4009830802679061,13.025235727429388,0.20049154013395304,0.029301271773874704,0.8651911327615367,0.014650635886937352,0.9393336772918701,24.542137384414673,0.46966683864593506,0.4553319811820983,11.512090891599652,0.22766599059104914,0.0215745419263838,0.6067049596458626,0.0107872709631919
176668,16659,continue,2,2.0,0.0,0.835,0.0,2.0,0.0,b5m4s1:b5q23f,News:nan,True,2019-03-26,22.0,26_03_19,0.2292326,2.5215585999999997,0.1146163,0.9813937,10.795330700000001,0.49069685,0.7893736600000001,8.683110260000001,0.39468683000000004,0.0,0.0,0.0,2.0,22.0,1.0,0.0,0.0,0.0,0.0,0.0,0.0,0.1253057494759558,1.3783632442355138,0.0626528747379779,0.4139525592327117,4.553478151559829,0.20697627961635584,0.028114316985011004,0.309257486835121,0.014057158492505502,1.0211557447910309,11.23271319270134,0.5105778723955154,0.38852709531784047,4.2737980484962454,0.19426354765892023,0.0229443991556762,0.2523883907124382,0.0114721995778381
176450,16441,controversial,2,28.0,0.0,0.8500000000000001,20.0,28.0,0.0,b5sx10:b5vgaz,POLITICS:GENERAL-NEWS,False,2019-03-26,68.0,26_03_19,0.23786528,8.02207488,0.11893264,0.9620033,32.4600734,0.48100165,0.80013132,27.51784872,0.40006566,0.0,0.0,0.0,2.0,68.0,1.0,0.0,0.0,0.0,0.0,0.0,0.0,0.1431194394826888,4.859334021806713,0.0715597197413444,0.42994220554828644,14.52177557349205,0.21497110277414322,0.0329603441059589,1.106152646243571,0.01648017205297945,0.6905651092529297,22.587215662002563,0.34528255462646484,0.6727334558963776,23.860032498836517,0.3363667279481888,0.0306794214993714,1.065489452332254,0.0153397107496857
176685,16676,couple,2,2.0,0.0,0.835,0.0,2.0,0.0,b5vgle:b5q23f,nan:nan,True,2019-03-26,22.0,26_03_19,0.30076082000000004,3.3083690199999998,0.15038041000000002,0.8890139,9.7791529,0.44450695,0.81022516,8.91247676,0.40511258,0.0,0.0,0.0,2.0,22.0,1.0,0.0,0.0,0.0,0.0,0.0,0.0,0.192396655678749,2.116363212466239,0.0961983278393745,0.5736640244722366,6.310304269194603,0.2868320122361183,0.0410891193896531,0.45198031328618415,0.02054455969482655,0.8354615271091461,9.190076798200607,0.41773076355457306,0.3302752077579497,3.6330272853374472,0.16513760387897486,0.027113259769976,0.298245857469736,0.013556629884988
176278,16269,course,3,97.0,0.0,0.8533333333333334,66.0,97.0,0.0,b5qqxt:b5maci:b5q23f,LEGACY:nan:nan,True,2019-03-26,193.0,26_03_19,0.3552196,19.817034800000002,0.11840653333333334,1.43938613,96.26912422999999,0.47979537666666666,1.20539418,76.91383997999999,0.40179806,0.0,0.0,0.0,3.0,193.0,1.0,0.0,0.0,0.0,0.0,0.0,0.0,0.29267309606075276,16.390094593167305,0.09755769868691759,0.6927437856793404,25.8987887725234,0.23091459522644678,0.0482368115335702,2.4898841064423283,0.016078937177856734,1.2413758337497711,93.53211018443106,0.413791944583257,0.6891744881868362,52.69729624688625,0.2297248293956121,0.0357959158718584,1.9918269775807784,0.011931971957286134
176589,16580,creates,2,10.0,0.0,0.945,1.0,10.0,0.0,b5scok:b5rh8g,EXCHANGE:New Coin,True,2019-03-26,31.0,26_03_19,0.2116676,3.2808478,0.1058338,0.8963786,13.893868300000001,0.4481893,0.8919537,13.825282349999998,0.44597685,0.0,0.0,0.0,2.0,31.0,1.0,0.0,0.0,0.0,0.0,0.0,0.0,0.1377469450235366,2.1350776478648172,0.0688734725117683,0.2631761133670806,4.079229757189749,0.1315880566835403,0.0252042952924966,0.39066657703369734,0.0126021476462483,1.0282673835754395,15.938144445419312,0.5141336917877197,0.5249553322792052,8.13680765032768,0.2624776661396026,0.020650055259466,0.320075856521723,0.010325027629733
176298,16289,creation,2,98.0,0.0,0.945,66.0,98.0,0.0,b5qqxt:b5rh8g,LEGACY:New Coin,True,2019-03-26,184.0,26_03_19,0.20526892000000002,18.37924492,0.10263446000000001,0.95091353,91.79230423,0.475456765,0.8438175,73.8284502,0.42190875,0.0,0.0,0.0,2.0,184.0,1.0,0.0,0.0,0.0,0.0,0.0,0.0,0.15119028836488718,14.97153065353632,0.07559514418244359,0.2458293512463569,21.245906107127663,0.12291467562317845,0.0248476425185799,2.2578075425699318,0.01242382125928995,1.0133647918701172,92.05225610733031,0.5066823959350586,0.5444550216197968,51.630337446928024,0.2722275108098984,0.0203129770234226,1.8421647055074506,0.0101564885117113
176438,16429,credit,2,27.0,0.0,0.645,27.0,27.0,0.0,b5pgkw:b5na6u,EXCHANGE:RELEASE,True,2019-03-26,74.0,26_03_19,0.26834324,10.03894364,0.13417162,0.94404345,34.099712249999996,0.472021725,0.78761344,29.861348800000002,0.39380672,0.0,0.0,0.0,2.0,74.0,1.0,0.0,0.0,0.0,0.0,0.0,0.0,0.0796898622065782,3.199370877817272,0.0398449311032891,0.3686881959438323,12.038750737905499,0.18434409797191614,0.0214800722897051,0.7239996530115539,0.01074003614485255,1.1434157490730286,41.84595185518265,0.5717078745365143,0.3624642565846443,15.338398225605488,0.18123212829232216,0.0242619067430495,0.8535297885537094,0.01213095337152475
176439,16430,credit card,2,27.0,0.0,0.645,27.0,27.0,0.0,b5pgkw:b5na6u,EXCHANGE:RELEASE,True,2019-03-26,74.0,26_03_19,0.26834324,10.03894364,0.13417162,0.94404345,34.099712249999996,0.472021725,0.78761344,29.861348800000002,0.39380672,0.0,0.0,0.0,2.0,74.0,1.0,0.0,0.0,0.0,0.0,0.0,0.0,0.0796898622065782,3.199370877817272,0.0398449311032891,0.3686881959438323,12.038750737905499,0.18434409797191614,0.0214800722897051,0.7239996530115539,0.01074003614485255,1.1434157490730286,41.84595185518265,0.5717078745365143,0.3624642565846443,15.338398225605488,0.18123212829232216,0.0242619067430495,0.8535297885537094,0.01213095337152475
176180,16171,crypto,36,1483.0,0.0,0.8072222222222223,411.0,1483.0,0.0,b5rx7m:b5q6x3:b5mqhe:b5ogf7:b5nc66:b5m52p:b5t9hv:b5se8e:b5sx10:b5l56y:b5ims1:b5sb3b:b5n5ia:b5pzbb:b5prdc:b5r0qb:b5rlek:b5t6x7:b5lmuv:b5jlgu:b5kz41:b5uhbl:b5uygg:b5wwli:b5vgle:b5tss4:b5w6mp:b5sn89:b5pja2:b5nwfo:b5q23f:b5pg77:b5qvwb:b5rbu9:b5qpbs:b5t8p2,MEDIA:TRADING:RELEASE:COMEDY:GENERAL-NEWS:PRIVACY:GENERAL-NEWS:GENERAL-NEWS:POLITICS:GENERAL-NEWS:FOCUSED-DISCUSSION:EXCHANGE:TRADING:EXCHANGE:GENERAL-NEWS:COMEDY:TRADING:GENERAL-NEWS:GENERAL-NEWS:nan:TRADING:MEDIA:EXCHANGE:FINANCE:nan:nan:GENERAL-NEWS:nan:nan:nan:nan:Sentiment:nan:nan:News:Exchange,True,2019-03-26,2254.0,26_03_19,4.2540673700000005,277.61738061999995,0.11816853805555556,17.36865966,1132.6064202000005,0.4824627683333333,14.377272239999996,843.7760594099998,0.3993686733333333,0.0,0.0,0.0,34.0,2231.0,0.9444444444444444,2.0,23.0,0.05555555555555555,0.9176,10.552399999999999,0.025488888888888887,2.7912935502827163,173.09387297183264,0.07753593195229766,7.170780844986439,504.5601580515504,0.1991883568051788,0.5152851652819653,37.96440765215079,0.014313476813387925,15.684049591422081,1008.4842732995749,0.4356680442061689,9.376060597598553,501.06260025501246,0.2604461277110709,0.4625299174804215,28.83453986002116,0.012848053263345047
176611,16602,crypto currency,2,1.0,0.0,0.665,8.0,1.0,0.0,b5kz41:b5wwli,TRADING:FINANCE,True,2019-03-26,29.0,26_03_19,0.21956427,3.21132026,0.109782135,0.86664046,12.46220318,0.43332023,0.9137952899999999,13.32647727,0.45689764499999996,0.0,0.0,0.0,2.0,29.0,1.0,0.0,0.0,0.0,0.0,0.0,0.0,0.1109674610197543,1.5152999907731992,0.05548373050987715,0.1981414258480071,2.6454292684793455,0.09907071292400355,0.0162062135059386,0.2034968095831567,0.0081031067529693,1.331885039806366,20.37499487400055,0.665942519903183,0.32936545461416233,4.091234520077704,0.16468272730708117,0.0134345025289802,0.1695458521135126,0.0067172512644901
176544,16535,crypto exchange,3,6.0,0.0,0.89,7.0,6.0,0.0,b5pzbb:b5lmuv:b5t8p2,EXCHANGE:GENERAL-NEWS:Exchange,True,2019-03-26,43.0,26_03_19,0.32451543000000005,4.75450444,0.10817181000000002,1.41577424,20.39322732,0.4719247466666667,1.2597101199999998,17.85226471,0.4199033733333333,0.0,0.0,0.0,3.0,43.0,1.0,0.0,0.0,0.0,0.0,0.0,0.0,0.21429201215505578,3.126070573925969,0.07143067071835192,0.5551723390817641,8.167100474238394,0.18505744636058805,0.0367757789790629,0.5358516080304959,0.012258592993020968,1.1419291943311691,16.456322595477104,0.3806430647770564,1.0098346024751663,14.078947097063065,0.3366115341583888,0.041996114887297,0.6357081243768314,0.013998704962432334
176481,16472,crypto market,4,11.0,0.0,0.83,4.0,11.0,0.0,b5l56y:b5vgle:b5pg77:b5qvwb,GENERAL-NEWS:nan:Sentiment:nan,True,2019-03-26,55.0,26_03_19,0.45918225,6.27470007,0.1147955625,1.8308983699999999,25.61897847,0.45772459249999997,1.7099194300000002,23.10632228,0.42747985750000006,0.0,0.0,0.0,4.0,55.0,1.0,0.0,0.0,0.0,0.0,0.0,0.0,0.3764035329222678,5.151639439165591,0.09410088323056695,0.9826904684305191,13.762476190924644,0.24567261710762978,0.0636645844206213,0.8814544295892109,0.015916146105155324,1.4644213020801544,20.03957709670067,0.3661053255200386,1.0549748539924622,14.339403748512266,0.26374371349811554,0.05784518085420111,0.8254477363079756,0.014461295213550277
176442,16433,crypto nan,2,34.0,0.0,0.78,18.0,34.0,0.0,b5t9hv:b5sx10,GENERAL-NEWS:POLITICS,True,2019-03-26,72.0,26_03_19,0.2383663,8.48617596,0.11918315,0.95802046,34.09278132,0.47901023,0.8036131200000001,29.42103888,0.40180656000000003,0.0,0.0,0.0,2.0,72.0,1.0,0.0,0.0,0.0,0.0,0.0,0.0,0.1278096139430999,4.499196767807004,0.06390480697154995,0.3236391469836235,10.868801817297935,0.16181957349181175,0.030296828597784,1.0529561564326273,0.015148414298892,1.0421309173107147,38.28811079263687,0.5210654586553574,0.454116329550743,16.51712760329246,0.2270581647753715,0.022007088176905998,0.7738048564642632,0.011003544088452999
176658,16649,crypto payments,2,3.0,0.0,0.835,0.0,3.0,0.0,b5prdc:b5qpbs,GENERAL-NEWS:News,True,2019-03-26,23.0,26_03_19,0.29108208,3.3474439200000004,0.14554104,1.01850926,11.71285649,0.50925463,0.6904086,7.939698900000001,0.3452043,0.0,0.0,0.0,0.0,0.0,0.0,2.0,23.0,1.0,0.9176,10.552399999999999,0.4588,0.1389765292406082,1.598230086266994,0.0694882646203041,0.3040611445903778,3.496703162789345,0.1520305722951889,0.0324561074376106,0.37324523553252187,0.0162280537188053,0.8437952995300292,9.703645944595335,0.4218976497650146,0.6548335552215576,7.530585885047913,0.3274167776107788,0.0258773807436226,0.29758987855165986,0.0129386903718113
176322,16313,cryptocurrencies,2,96.0,0.0,0.78,66.0,96.0,0.0,b5qqxt:b5q23f,LEGACY:nan,True,2019-03-26,182.0,26_03_19,0.22653584,18.401513440000002,0.11326792,1.0147307300000001,91.59791483,0.5073653650000001,0.7587333300000001,72.00057063,0.37936666500000005,0.0,0.0,0.0,2.0,182.0,1.0,0.0,0.0,0.0,0.0,0.0,0.0,0.1547174006700515,14.87258194386959,0.07735870033502575,0.34124482423067093,22.032300196588036,0.17062241211533546,0.03053804859519,2.295197714120146,0.015269024297595,0.956013411283493,90.393123537302,0.4780067056417465,0.4949572086334228,50.560906171798706,0.2474786043167114,0.022529019974171997,1.845891122706228,0.011264509987085999
176182,16173,cryptocurrency,22,449.0,0.0,0.7531818181818182,758.0,449.0,0.0,b5ijx7:b5qqxt:b5imxn:b5pyy8:b5qh3o:b5ims1:b5pzbb:b5ilt3:b5v6q9:b5vrjo:b5vic8:b5tn8o:b5tngd:b5w0ee:b5tghd:b5sn89:b5rh8g:b5lgml:b5m4s1:b5q23f:b5jk18:b5t1vf,MEDIA:LEGACY:FOCUSED-DISCUSSION:GENERAL-NEWS:GENERAL-NEWS:FOCUSED-DISCUSSION:EXCHANGE:GENERAL-NEWS:EXCHANGE:GENERAL-NEWS:METRICS:FINANCE:nan:SCALABILITY:GENERAL-NEWS:nan:New Coin:Exchange:News:nan:News:Sentiment,True,2019-03-26,1427.0,26_03_19,2.3983345600000003,125.88484771000002,0.10901520727272729,10.328479150000001,685.2753224299998,0.46947632499999997,9.27318614,615.8398352400001,0.4215084609090909,0.0,0.0,0.0,22.0,1427.0,1.0,0.0,0.0,0.0,0.0,0.0,0.0,1.7901461906731126,116.79304044321177,0.08137028139423239,4.76478450000286,225.06769705563778,0.21658111363649366,0.31809814926236807,16.52679254114626,0.014459006784653094,8.896354988217354,660.6168593913317,0.4043797721916979,5.944967582821846,393.6948502808809,0.27022579921917483,0.28564868774264907,14.300802010111429,0.012984031261029504
176681,16672,cryptocurrency exchange,2,2.0,0.0,1.0,0.0,2.0,0.0,b5lgml:b5m4s1,Exchange:News,True,2019-03-26,22.0,26_03_19,0.21348368,2.34832048,0.10674184,0.9781764000000001,10.759940400000001,0.48908820000000003,0.80834001,8.89174011,0.404170005,0.0,0.0,0.0,2.0,22.0,1.0,0.0,0.0,0.0,0.0,0.0,0.0,0.149545483291149,1.645000316202639,0.0747727416455745,0.46994943916797627,5.169443830847739,0.23497471958398813,0.026689365506172104,0.2935830205678931,0.013344682753086052,0.9491931200027466,10.441124320030212,0.4745965600013733,0.3772331476211547,4.149564623832702,0.18861657381057734,0.027389333583414402,0.3012826694175584,0.013694666791707201
176252,16243,currencies,2,110.0,0.0,0.75,102.0,110.0,0.0,b5mqhe:b5wjx4,RELEASE:nan,True,2019-03-26,232.0,26_03_19,0.21574366,25.397479800000003,0.10787183,0.95478046,109.63983736,0.47739023,0.82947605,96.96270630000001,0.414738025,0.0,0.0,0.0,2.0,232.0,1.0,0.0,0.0,0.0,0.0,0.0,0.0,0.1599049568176269,18.44494414329528,0.07995247840881345,0.3626859262585639,45.024040862917886,0.18134296312928194,0.0328829530626535,3.999045748263593,0.01644147653132675,0.8092899024486542,89.71583813428879,0.4046449512243271,0.599695086479187,70.35091829299927,0.2998475432395935,0.0355411684140562,4.465211467817413,0.0177705842070281
176261,16252,currency,7,68.0,0.0,0.7342857142857142,79.0,68.0,0.0,b5q4oi:b5pgkw:b5ims1:b5pn54:b5kz41:b5wwli:b5sn89,MEDIA:EXCHANGE:FOCUSED-DISCUSSION:EXCHANGE:TRADING:FINANCE:nan,True,2019-03-26,217.0,26_03_19,0.81666416,26.58550633,0.11666630857142857,3.3142757100000004,104.73723233,0.47346795857142865,2.86906007,85.67726228,0.40986572428571433,0.0,0.0,0.0,7.0,217.0,1.0,0.0,0.0,0.0,0.0,0.0,0.0,0.49257241934537854,16.24669695273041,0.07036748847791122,1.2315386235713957,44.03300286829471,0.17593408908162794,0.08258401532657421,2.7922539166174754,0.011797716475224887,3.7432409524917603,106.80160194635391,0.5347487074988229,1.3784460350871084,44.54624651372432,0.1969208621553012,0.0716179797891522,2.580191513057781,0.010231139969878886
176461,16452,currency exchange,2,17.0,0.0,0.7,26.0,17.0,0.0,b5pgkw:b5pn54,EXCHANGE:EXCHANGE,True,2019-03-26,63.0,26_03_19,0.23546087,8.15323103,0.117730435,0.96081985,28.76197415,0.480409925,0.8037193,26.0847972,0.40185965,0.0,0.0,0.0,2.0,63.0,1.0,0.0,0.0,0.0,0.0,0.0,0.0,0.131489235907793,3.601238939911126,0.0657446179538965,0.3494137078523635,9.006546258926388,0.17470685392618174,0.020208927802741403,0.5556301809847306,0.010104463901370701,1.087202548980713,34.559149622917175,0.5436012744903564,0.3920626938343048,14.64253243803978,0.1960313469171524,0.0196229303255676,0.6349032828584263,0.0098114651627838
176433,16424,currently,2,36.0,0.0,0.885,20.0,36.0,0.0,b5sn89:b5v1yl,nan:Analysis,False,2019-03-26,76.0,26_03_19,0.20785921000000002,8.2228405,0.10392960500000001,1.0249418700000001,39.08671878,0.5124709350000001,0.76719888,28.69043872,0.38359944,0.0,0.0,0.0,2.0,76.0,1.0,0.0,0.0,0.0,0.0,0.0,0.0,0.1736502200365066,6.580922931432722,0.0868251100182533,0.4194859117269515,16.417681187391278,0.20974295586347574,0.026031750254333002,1.0186725016683331,0.013015875127166501,0.8923395872116089,33.741145849227905,0.44616979360580444,0.46909430623054504,17.492040932178497,0.23454715311527252,0.0193981500342487,0.7495332155376622,0.00969907501712435
176198,16189,daily,5,21.0,0.0,0.72,609.0,21.0,0.0,b5imxn:b5pmvq:b5q23f:b5pg77:b5ng23,FOCUSED-DISCUSSION:Sentiment:nan:Sentiment:nan,False,2019-03-26,680.0,26_03_19,0.5102179,45.370509670000004,0.10204358,2.46146787,336.48579430999996,0.49229357399999996,2.0283141799999997,298.14372036000003,0.40566283599999997,0.0,0.0,0.0,4.0,668.0,0.8,1.0,12.0,0.2,0.4588,5.505599999999999,0.09176,0.3907042816281317,59.91503811627625,0.07814085632562634,0.8821545541286466,103.56529265642163,0.17643091082572931,0.0678536500781774,6.59151207190007,0.013570730015635479,2.0467419624328613,314.19781389832497,0.4093483924865723,1.552630215883255,189.96361726522446,0.310526043176651,0.059915383346378505,5.766746322624355,0.011983076669275701
176226,16217,dapps,2,271.0,0.0,0.73,63.0,271.0,0.0,b5oixc:b5q23f,TRADING:nan,True,2019-03-26,354.0,26_03_19,0.23293452,37.699101320000004,0.11646726,0.9601958,159.3610014,0.4800979,0.80686953,156.93987903000001,0.403434765,0.0,0.0,0.0,2.0,354.0,1.0,0.0,0.0,0.0,0.0,0.0,0.0,0.1412740573287009,24.420007504522786,0.07063702866435045,0.3585915863513946,47.631742268800714,0.1792957931756973,0.0308947013691067,4.52375473361461,0.01544735068455335,0.9709160029888153,181.37246170639992,0.48545800149440765,0.4754575192928313,92.37261787056921,0.23772875964641565,0.022866098210215402,3.6794362533837255,0.011433049105107701
176214,16205,data,7,321.0,0.0,0.8314285714285715,91.0,321.0,0.0,b5oixc:b5ojpe:b5iq8c:b5x8tw:b5vgle:b5rh8g:b5ng23,TRADING:GENERAL-NEWS:GENERAL-NEWS:GENERAL-NEWS:nan:New Coin:nan,True,2019-03-26,482.0,26_03_19,0.87983353,52.83508275,0.1256905042857143,3.17280441,217.02692478,0.45325777285714286,2.94736197,212.13797475,0.42105171,0.0,0.0,0.0,6.0,470.0,0.8571428571428571,1.0,12.0,0.14285714285714285,0.4588,5.505599999999999,0.06554285714285714,0.5305637978017329,33.952533375471816,0.07579482825739041,1.1966115608811376,70.76129693537948,0.17094450869730538,0.0989337768405673,6.320983875542862,0.014133396691509615,3.1143814027309418,224.88912841677666,0.4449116289615631,1.9729314148426056,140.4577450454235,0.28184734497751507,0.08657815679907752,5.6183389956131204,0.01236830811415393
176604,16595,day,2,8.0,0.0,0.945,2.0,8.0,0.0,b5scok:b5wav2,EXCHANGE:nan,True,2019-03-26,30.0,26_03_19,0.23293452,3.43021704,0.11646726,0.9601958,14.2114854,0.4800979,0.80686953,12.35829546,0.403434765,0.0,0.0,0.0,2.0,30.0,1.0,0.0,0.0,0.0,0.0,0.0,0.0,0.1412740573287009,2.1085295230150205,0.07063702866435045,0.3585915863513946,5.092627376317977,0.1792957931756973,0.0308947013691067,0.4463493023067702,0.01544735068455335,0.9709160029888153,14.735794186592102,0.48545800149440765,0.4754575192928313,7.280356228351591,0.23772875964641565,0.022866098210215402,0.3363433443009828,0.011433049105107701
176344,16335,decentralized,2,40.0,0.0,0.81,95.0,40.0,0.0,b5p598:b5wz5s,TRADING:RELEASE,False,2019-03-26,155.0,26_03_19,0.21316559000000002,15.655464550000001,0.10658279500000001,0.9211753899999999,76.48961346,0.46058769499999996,0.8656590900000001,62.85492318,0.43282954500000004,0.0,0.0,0.0,2.0,155.0,1.0,0.0,0.0,0.0,0.0,0.0,0.0,0.1244108043611049,12.075318392366169,0.06220540218055245,0.18079466372728342,16.896705925464627,0.09039733186364171,0.0158495607320219,1.7511474119964958,0.00792478036601095,1.3169824481010437,82.79566472768782,0.6584912240505219,0.34886514395475376,40.0499674603343,0.17443257197737688,0.0130974242929368,1.4311980896163672,0.0065487121464684
176573,16564,deep,2,14.0,0.0,0.73,1.0,14.0,0.0,b5qpzg:b5o0bu,GENERAL-NEWS:MEDIA,True,2019-03-26,35.0,26_03_19,0.25736752,4.5039316,0.12868376,0.8493108,14.862939,0.4246554,0.8933217,15.633129749999998,0.44666085,0.0,0.0,0.0,2.0,35.0,1.0,0.0,0.0,0.0,0.0,0.0,0.0,0.2759113907814026,4.828449338674545,0.1379556953907013,0.7029979228973388,12.302463650703427,0.3514989614486694,0.0353975258767604,0.619456702843307,0.0176987629383802,0.5707248449325562,9.987684786319733,0.2853624224662781,0.3884345591068268,6.797604784369469,0.1942172795534134,0.0265337917953728,0.46434135641902397,0.0132668958976864
176572,16563,deep dive,2,14.0,0.0,0.73,1.0,14.0,0.0,b5qpzg:b5o0bu,GENERAL-NEWS:MEDIA,True,2019-03-26,35.0,26_03_19,0.25736752,4.5039316,0.12868376,0.8493108,14.862939,0.4246554,0.8933217,15.633129749999998,0.44666085,0.0,0.0,0.0,2.0,35.0,1.0,0.0,0.0,0.0,0.0,0.0,0.0,0.2759113907814026,4.828449338674545,0.1379556953907013,0.7029979228973388,12.302463650703427,0.3514989614486694,0.0353975258767604,0.619456702843307,0.0176987629383802,0.5707248449325562,9.987684786319733,0.2853624224662781,0.3884345591068268,6.797604784369469,0.1942172795534134,0.0265337917953728,0.46434135641902397,0.0132668958976864
176219,16210,designed,2,293.0,0.0,0.8600000000000001,72.0,293.0,0.0,b5oixc:b5sn89,TRADING:nan,False,2019-03-26,385.0,26_03_19,0.25028722000000003,42.368037040000004,0.12514361000000002,0.9780262000000001,175.98207969999999,0.48901310000000003,0.77168645,166.64986275,0.385843225,0.0,0.0,0.0,2.0,385.0,1.0,0.0,0.0,0.0,0.0,0.0,0.0,0.1534754037857055,27.17688218504189,0.07673770189285276,0.4009830802679061,56.44929443299768,0.20049154013395304,0.029301271773874704,5.023899856023476,0.014650635886937352,0.9393336772918701,194.20625567436218,0.46966683864593506,0.4553319811820983,98.12972071766852,0.22766599059104914,0.0215745419263838,4.013964077457753,0.0107872709631919
176255,16246,developer,3,120.0,0.0,0.8166666666666668,75.0,120.0,0.0,b5qqxt:b5sn89:b5ocav,LEGACY:nan:nan,True,2019-03-26,225.0,26_03_19,0.38265364999999996,24.73563048,0.12755121666666666,1.47000388,113.46830613,0.4900012933333333,1.14734245,86.79606075,0.38244748333333334,0.0,0.0,0.0,3.0,225.0,1.0,0.0,0.0,0.0,0.0,0.0,0.0,0.2172155939042568,18.233018785715103,0.0724051979680856,0.5012007281184195,32.26062528043985,0.16706690937280652,0.0367361959069966,2.888841759413476,0.012245398635665533,1.4769543409347534,109.85719656944273,0.4923181136449178,0.7363646626472473,59.4564049243927,0.24545488754908243,0.0315283853560684,2.303910006768991,0.010509461785356134
176311,16302,developing,2,96.0,0.0,0.78,66.0,96.0,0.0,b5qqxt:b5q23f,LEGACY:nan,False,2019-03-26,182.0,26_03_19,0.22653584,18.401513440000002,0.11326792,1.0147307300000001,91.59791483,0.5073653650000001,0.7587333300000001,72.00057063,0.37936666500000005,0.0,0.0,0.0,2.0,182.0,1.0,0.0,0.0,0.0,0.0,0.0,0.0,0.1547174006700515,14.87258194386959,0.07735870033502575,0.34124482423067093,22.032300196588036,0.17062241211533546,0.03053804859519,2.295197714120146,0.015269024297595,0.956013411283493,90.393123537302,0.4780067056417465,0.4949572086334228,50.560906171798706,0.2474786043167114,0.022529019974171997,1.845891122706228,0.011264509987085999
176312,16303,did,2,96.0,0.0,0.78,66.0,96.0,0.0,b5qqxt:b5q23f,LEGACY:nan,False,2019-03-26,182.0,26_03_19,0.22653584,18.401513440000002,0.11326792,1.0147307300000001,91.59791483,0.5073653650000001,0.7587333300000001,72.00057063,0.37936666500000005,0.0,0.0,0.0,2.0,182.0,1.0,0.0,0.0,0.0,0.0,0.0,0.0,0.1547174006700515,14.87258194386959,0.07735870033502575,0.34124482423067093,22.032300196588036,0.17062241211533546,0.03053804859519,2.295197714120146,0.015269024297595,0.956013411283493,90.393123537302,0.4780067056417465,0.4949572086334228,50.560906171798706,0.2474786043167114,0.022529019974171997,1.845891122706228,0.011264509987085999
176618,16609,didn,2,1.0,0.0,0.5,8.0,1.0,0.0,b5kz41:b5q23f,TRADING:nan,True,2019-03-26,29.0,26_03_19,0.24083119,3.44525638,0.120415595,0.9304576600000001,13.16419238,0.46522883000000004,0.82871112,12.3905514,0.41435556,0.0,0.0,0.0,2.0,29.0,1.0,0.0,0.0,0.0,0.0,0.0,0.0,0.1144945733249186,1.5540982261300065,0.0572472866624593,0.2935568988323211,3.6949994713068,0.14677844941616056,0.021896619582548703,0.26609127642586783,0.010948309791274351,1.2745336592197418,19.744129687547684,0.6372668296098709,0.27986764162778843,3.5467585772275907,0.13993382081389422,0.015650545479729598,0.19392232457175598,0.007825272739864799
176221,16212,different,3,274.0,0.0,0.82,63.0,274.0,0.0,b5oixc:b5rh8g:b5q23f,TRADING:New Coin:nan,False,2019-03-26,367.0,26_03_19,0.33876832,39.07494072,0.11292277333333334,1.4083851,165.1874623,0.46946170000000004,1.25284638,162.73757808000002,0.41761546,0.0,0.0,0.0,3.0,367.0,1.0,0.0,0.0,0.0,0.0,0.0,0.0,0.2101475298404692,25.315362647175775,0.07004917661348974,0.4901796430349349,49.34238700568674,0.1633932143449783,0.043496849015355,4.687582653015838,0.014498949671785,1.485049694776535,188.05619969964027,0.49501656492551166,0.7379351854324339,95.78482753038405,0.24597839514414463,0.033191125839948404,3.8136616125702547,0.011063708613316134
176358,16349,discord,2,55.0,0.0,0.88,74.0,55.0,0.0,b5wjx4:b5v924,nan:nan,True,2019-03-26,149.0,26_03_19,0.232749864,17.331433084,0.116374932,0.93800238,67.72916739,0.46900119,0.82924794,63.939423139999995,0.41462397,0.0,0.0,0.0,2.0,149.0,1.0,0.0,0.0,0.0,0.0,0.0,0.0,0.119682129472494,11.170197326689951,0.059841064736247,0.3149980008602141,35.01744623482226,0.15749900043010706,0.024241524050012203,2.887613954721016,0.012120762025006102,1.127810150384903,51.783379554748535,0.5639050751924515,0.3846055194735526,44.58081255108118,0.1923027597367763,0.028662693919613798,3.56054844870231,0.014331346959806899
176566,16557,dive,2,14.0,0.0,0.73,1.0,14.0,0.0,b5qpzg:b5o0bu,GENERAL-NEWS:MEDIA,True,2019-03-26,35.0,26_03_19,0.25736752,4.5039316,0.12868376,0.8493108,14.862939,0.4246554,0.8933217,15.633129749999998,0.44666085,0.0,0.0,0.0,2.0,35.0,1.0,0.0,0.0,0.0,0.0,0.0,0.0,0.2759113907814026,4.828449338674545,0.1379556953907013,0.7029979228973388,12.302463650703427,0.3514989614486694,0.0353975258767604,0.619456702843307,0.0176987629383802,0.5707248449325562,9.987684786319733,0.2853624224662781,0.3884345591068268,6.797604784369469,0.1942172795534134,0.0265337917953728,0.46434135641902397,0.0132668958976864
176570,16561,dive blockchain,2,14.0,0.0,0.73,1.0,14.0,0.0,b5qpzg:b5o0bu,GENERAL-NEWS:MEDIA,True,2019-03-26,35.0,26_03_19,0.25736752,4.5039316,0.12868376,0.8493108,14.862939,0.4246554,0.8933217,15.633129749999998,0.44666085,0.0,0.0,0.0,2.0,35.0,1.0,0.0,0.0,0.0,0.0,0.0,0.0,0.2759113907814026,4.828449338674545,0.1379556953907013,0.7029979228973388,12.302463650703427,0.3514989614486694,0.0353975258767604,0.619456702843307,0.0176987629383802,0.5707248449325562,9.987684786319733,0.2853624224662781,0.3884345591068268,6.797604784369469,0.1942172795534134,0.0265337917953728,0.46434135641902397,0.0132668958976864
176332,16323,does,3,63.0,0.0,0.7733333333333334,80.0,63.0,0.0,b5ims1:b5n5ia:b5wjx4,FOCUSED-DISCUSSION:TRADING:nan,False,2019-03-26,173.0,26_03_19,0.32157746000000004,19.633186600000002,0.10719248666666668,1.40296976,79.10654891,0.46765658666666665,1.2754529,74.26028715,0.42515096666666663,0.0,0.0,0.0,3.0,173.0,1.0,0.0,0.0,0.0,0.0,0.0,0.0,0.22877842932939518,13.373158514499657,0.07625947644313173,0.49427398294210423,38.561352677643285,0.16475799431403473,0.0454851007089018,3.282267995178696,0.015161700236300599,1.323423594236374,60.499644696712494,0.4411411980787913,0.8621727526187897,53.40225929021835,0.28739091753959656,0.0458661960437892,3.881315705366421,0.0152887320145964
176348,16339,doesn,2,54.0,0.0,0.525,77.0,54.0,0.0,b5wjx4:b5ti6c,nan:MEDIA,True,2019-03-26,151.0,26_03_19,0.23003901,17.529074630000004,0.115019505,0.87050739,67.82362482,0.435253695,0.8994538400000001,65.64732492,0.44972692000000003,0.0,0.0,0.0,2.0,151.0,1.0,0.0,0.0,0.0,0.0,0.0,0.0,0.119682129472494,11.254385303705924,0.059841064736247,0.3149980008602141,35.15055297315119,0.15749900043010706,0.024241524050012203,2.8948220864403966,0.012120762025006102,1.127810150384903,53.41888225078583,0.5639050751924515,0.3846055194735526,44.7145881280303,0.1923027597367763,0.028662693919613798,3.566767398500804,0.014331346959806899
176287,16278,dominance,2,97.0,0.0,0.8200000000000001,72.0,97.0,0.0,b5qqxt:b5lwd3,LEGACY:Technical Analysis,True,2019-03-26,189.0,26_03_19,0.20526892000000002,18.90841392,0.10263446000000001,0.95091353,94.03325072999999,0.475456765,0.8438175,76.05833445,0.42190875,0.0,0.0,0.0,2.0,189.0,1.0,0.0,0.0,0.0,0.0,0.0,0.0,0.15119028836488718,15.315898016095161,0.07559514418244359,0.2458293512463569,21.903846390545365,0.12291467562317845,0.0248476425185799,2.320818280801173,0.01242382125928995,1.0133647918701172,94.6229245662689,0.5066823959350586,0.5444550216197968,52.94272577762604,0.2722275108098984,0.0203129770234226,1.8937898436561156,0.0101564885117113
176269,16260,don,3,103.0,0.0,0.8166666666666668,67.0,103.0,0.0,b5qqxt:b5scok:b5q23f,LEGACY:EXCHANGE:nan,True,2019-03-26,200.0,26_03_19,0.33236964,20.306521840000002,0.11078988000000001,1.46292003,99.66532222999999,0.48764001,1.20471018,80.02815393,0.40157006,0.0,0.0,0.0,3.0,200.0,1.0,0.0,0.0,0.0,0.0,0.0,0.0,0.22359087318181978,16.11230444908142,0.07453029106060659,0.4728328809142112,24.400885216891762,0.15761096030473706,0.043140196241438306,2.5220363717526153,0.014380065413812768,1.4701471030712128,99.64752998948096,0.4900490343570709,0.7574348747730255,55.285504162311554,0.2524782915910085,0.032854047603905,2.031741620041422,0.010951349201301667
176290,16281,don know,2,102.0,0.0,0.89,67.0,102.0,0.0,b5qqxt:b5scok,LEGACY:EXCHANGE,True,2019-03-26,189.0,26_03_19,0.20526892000000002,18.90841392,0.10263446000000001,0.95091353,94.03325072999999,0.475456765,0.8438175,76.05833445,0.42190875,0.0,0.0,0.0,2.0,189.0,1.0,0.0,0.0,0.0,0.0,0.0,0.0,0.15119028836488718,15.315898016095161,0.07559514418244359,0.2458293512463569,21.903846390545365,0.12291467562317845,0.0248476425185799,2.320818280801173,0.01242382125928995,1.0133647918701172,94.6229245662689,0.5066823959350586,0.5444550216197968,52.94272577762604,0.2722275108098984,0.0203129770234226,1.8937898436561156,0.0101564885117113
176595,16586,dow,2,8.0,0.0,0.675,2.0,8.0,0.0,b5ims1:b5nuw3,FOCUSED-DISCUSSION:TRADING,True,2019-03-26,30.0,26_03_19,0.23451756,3.4949134400000004,0.11725878,0.8728447,13.1162044,0.43642235,0.8926377,13.3888815,0.44631885,0.0,0.0,0.0,2.0,30.0,1.0,0.0,0.0,0.0,0.0,0.0,0.0,0.20682916790246958,3.0333552956581107,0.10341458395123479,0.48308701813220967,7.026394367218016,0.24154350906610483,0.0303009105846285,0.4494170434772956,0.01515045529231425,0.7994961142539978,12.221212983131409,0.3997480571269989,0.456694945693016,6.918684571981429,0.228347472846508,0.0235919235274194,0.3509369846433376,0.0117959617637097
176638,16629,driven,2,4.0,0.0,1.0,0.0,4.0,0.0,b5rh8g:b5jpzk,New Coin:nan,True,2019-03-26,24.0,26_03_19,0.19618790000000003,2.3697345,0.09809395000000001,0.92850394,11.10992194,0.46425197,0.8753081199999999,10.520343019999999,0.43765405999999996,0.0,0.0,0.0,2.0,24.0,1.0,0.0,0.0,0.0,0.0,0.0,0.0,0.1324624344706534,1.5948337242007238,0.0662312172353267,0.3388827145099639,3.9908859729766837,0.16944135725498194,0.0227020531892776,0.2749268803745502,0.0113510265946388,0.7168538421392441,8.913659647107124,0.35842692106962204,0.7671196162700653,8.963271111249924,0.38355980813503265,0.021979383192956302,0.2624232703819853,0.010989691596478151
176575,16566,early,2,0.0,0.0,0.24,13.0,0.0,0.0,b5tt3c:b5pzvl,METRICS:News,False,2019-03-26,33.0,26_03_19,0.22757562,3.91885318,0.11378781,0.8998733000000001,14.569815700000001,0.44993665000000005,0.87255109,14.51133134,0.436275545,0.0,0.0,0.0,2.0,33.0,1.0,0.0,0.0,0.0,0.0,0.0,0.0,0.2297750562429428,4.045038267970085,0.1148875281214714,0.628375768661499,10.778622031211853,0.3141878843307495,0.0344097279012202,0.5731933992356044,0.0172048639506101,0.5588481724262238,9.28631654381752,0.2794240862131119,0.5219561010599136,7.877907186746597,0.2609780505299568,0.026635241694748298,0.4389235135167817,0.013317620847374149
176257,16248,earn,4,113.0,0.0,0.6275,70.0,113.0,0.0,b5t22o:b5ssig:b5x955:b5ukkn,EXCHANGE:EXCHANGE:EDUCATIONAL:Exchange,True,2019-03-26,223.0,26_03_19,0.41857348,27.14708034,0.10464337,1.9226325800000001,112.33098810000001,0.48065814500000004,1.65879386,83.52191371,0.414698465,0.0,0.0,0.0,4.0,223.0,1.0,0.0,0.0,0.0,0.0,0.0,0.0,0.270297363400459,15.896450430154783,0.06757434085011475,0.8445315212011335,49.71996280550957,0.21113288030028338,0.05316015519201751,3.812802298925812,0.013290038798004377,1.0960054099559784,91.71990965306759,0.2740013524889946,1.6820173561573029,58.981213420629494,0.4205043390393257,0.053988132625817996,2.8696446297690095,0.013497033156454499
176303,16294,easily,2,97.0,0.0,0.945,66.0,97.0,0.0,b5qqxt:b5o1no,LEGACY:GENERAL-NEWS,False,2019-03-26,183.0,26_03_19,0.21078692,18.339627120000003,0.10539346,1.01151343,92.07131373,0.505756715,0.77769968,72.58905951,0.38884984,0.0,0.0,0.0,2.0,183.0,1.0,0.0,0.0,0.0,0.0,0.0,0.0,0.1789571344852447,15.235859334468842,0.08947856724262235,0.3972417041659355,22.931266285479065,0.19862085208296776,0.0291130971163511,2.296390850096938,0.01455654855817555,0.8840507864952087,89.98635435104369,0.44202539324760437,0.483663260936737,50.638358652591705,0.2418316304683685,0.0269739544019102,1.9117714064195688,0.0134869772009551
176487,16478,easy,2,24.0,0.0,0.72,10.0,24.0,0.0,b5sn89:b5ng23,nan:nan,False,2019-03-26,54.0,26_03_19,0.28999446,7.81353612,0.14499723,1.03909153,28.364205360000003,0.519545765,0.6709139,17.8222548,0.33545695,0.0,0.0,0.0,1.0,42.0,0.5,1.0,12.0,0.5,0.4588,5.505599999999999,0.2294,0.15409019589424128,4.387140288949011,0.07704509794712064,0.4214255958795547,13.13895785808563,0.21071279793977735,0.032927177846431704,0.8960998579859725,0.016463588923215852,0.847097635269165,22.921171188354492,0.4235488176345825,0.5202710926532745,12.028882563114164,0.26013554632663727,0.0241882046684621,0.6277438849210691,0.01209410233423105
176319,16310,efforts,2,96.0,0.0,0.78,66.0,96.0,0.0,b5qqxt:b5q23f,LEGACY:nan,True,2019-03-26,182.0,26_03_19,0.22653584,18.401513440000002,0.11326792,1.0147307300000001,91.59791483,0.5073653650000001,0.7587333300000001,72.00057063,0.37936666500000005,0.0,0.0,0.0,2.0,182.0,1.0,0.0,0.0,0.0,0.0,0.0,0.0,0.1547174006700515,14.87258194386959,0.07735870033502575,0.34124482423067093,22.032300196588036,0.17062241211533546,0.03053804859519,2.295197714120146,0.015269024297595,0.956013411283493,90.393123537302,0.4780067056417465,0.4949572086334228,50.560906171798706,0.2474786043167114,0.022529019974171997,1.845891122706228,0.011264509987085999
176324,16315,enjoy,2,95.0,0.0,0.5700000000000001,67.0,95.0,0.0,b5qqxt:b5ukkn,LEGACY:Exchange,True,2019-03-26,182.0,26_03_19,0.18978922,17.99730062,0.09489461,0.98303887,91.24930437,0.491519435,0.8271719200000001,72.75339512,0.41358596000000003,0.0,0.0,0.0,2.0,182.0,1.0,0.0,0.0,0.0,0.0,0.0,0.0,0.14590577781200398,14.775654092431067,0.07295288890600199,0.3215359523892402,21.8155026063323,0.1607679761946201,0.0223454004153609,2.205078584142026,0.01117270020768045,0.7019512504339217,87.59843976795672,0.35097562521696085,0.7866193056106567,53.76918923854828,0.39330965280532837,0.021642304956912897,1.836137257516378,0.010821152478456449
176320,16311,ensure,2,96.0,0.0,0.945,66.0,96.0,0.0,b5qqxt:b5x8tw,LEGACY:GENERAL-NEWS,False,2019-03-26,182.0,26_03_19,0.23820023,18.529821730000002,0.119100115,0.94016698,90.77771358,0.47008349,0.8216328500000001,72.69246535,0.41081642500000004,0.0,0.0,0.0,2.0,182.0,1.0,0.0,0.0,0.0,0.0,0.0,0.0,0.1326136626303196,14.629440825432539,0.0663068313151598,0.2318057045340537,20.828469879925247,0.11590285226702685,0.0200370717793702,2.1796869691461285,0.0100185358896851,1.051754355430603,91.44627392292021,0.5258771777153015,0.5435103476047516,51.09499070048332,0.2717551738023758,0.0202788710594176,1.8211394846439295,0.0101394355297088
176401,16392,enters,2,70.0,0.0,0.895,4.0,70.0,0.0,b5q6x3:b5n5ia,TRADING:TRADING,True,2019-03-26,94.0,26_03_19,0.201567,9.54915828,0.1007835,0.97211143,44.75580037,0.486055715,0.82632163,39.69504585,0.413160815,0.0,0.0,0.0,2.0,94.0,1.0,0.0,0.0,0.0,0.0,0.0,0.0,0.1352219805121421,5.531906850635999,0.06761099025607105,0.301190324127674,16.19176181405782,0.150595162063837,0.0220672581344842,0.9692966472357455,0.0110336290672421,1.0636045336723328,51.8133984208107,0.5318022668361664,0.4575245976448059,18.523612916469574,0.22876229882240295,0.0203912779688834,0.9700206816196374,0.0101956389844417
176644,16635,entire,2,4.0,0.0,0.835,0.0,4.0,0.0,b5rh8g:b5q23f,New Coin:nan,False,2019-03-26,24.0,26_03_19,0.23293452,2.77394732,0.11646726,0.9601958,11.4585324,0.4800979,0.80686953,9.76751853,0.403434765,0.0,0.0,0.0,2.0,24.0,1.0,0.0,0.0,0.0,0.0,0.0,0.0,0.1412740573287009,1.6917615756392466,0.07063702866435045,0.3585915863513946,4.207683563232421,0.1792957931756973,0.0308947013691067,0.3650460103526703,0.01544735068455335,0.9709160029888153,11.708343416452408,0.48545800149440765,0.4754575192928313,5.754988044500349,0.23772875964641565,0.022866098210215402,0.2721771355718354,0.011433049105107701
176356,16347,eth,2,35.0,0.0,0.91,94.0,35.0,0.0,b5p598:b5tngd,TRADING:nan,True,2019-03-26,149.0,26_03_19,0.20526892000000002,14.88621836,0.10263446000000001,0.95091353,74.30602603999999,0.475456765,0.8438175,59.80775505,0.42190875,0.0,0.0,0.0,2.0,149.0,1.0,0.0,0.0,0.0,0.0,0.0,0.0,0.15119028836488718,12.11732878535986,0.07559514418244359,0.2458293512463569,17.212767273187634,0.12291467562317845,0.0248476425185799,1.828501916490492,0.01242382125928995,1.0133647918701172,74.54936242103575,0.5066823959350586,0.5444550216197968,41.800129383802414,0.2722275108098984,0.0203129770234226,1.4919123202562279,0.0101564885117113
176483,16474,ethereum,5,3.0,0.0,0.634,2.0,3.0,0.0,b5lt26:b5lkjl:b5q23f:b5lt42:b5v924,RELEASE:FINANCE:nan:Tool:nan,True,2019-03-26,55.0,26_03_19,0.564506284,6.209569124,0.1129012568,2.40067048,26.407375280000004,0.480134096,2.03482315,22.38305465,0.40696462999999994,0.0,0.0,0.0,5.0,55.0,1.0,0.0,0.0,0.0,0.0,0.0,0.0,0.33824909850954993,3.7207400836050484,0.06764981970190999,0.813675545156002,8.95043099671602,0.16273510903120042,0.06347769522108129,0.6982546474318942,0.012695539044216258,2.2413303554058075,24.654633909463882,0.4482660710811615,1.4813522025942802,16.294874228537083,0.29627044051885604,0.0619151967111972,0.6810671638231692,0.01238303934223944
176671,16662,ethereum nan,2,1.0,0.0,0.55,1.0,1.0,0.0,b5lt26:b5lt42,RELEASE:Tool,True,2019-03-26,22.0,26_03_19,0.22152912,2.43682032,0.11076456,0.8999936,9.8999296,0.4499968,0.87847728,9.663250080000001,0.43923864,0.0,0.0,0.0,2.0,22.0,1.0,0.0,0.0,0.0,0.0,0.0,0.0,0.1414377093315124,1.5558148026466365,0.0707188546657562,0.4058773517608642,4.464650869369506,0.2029386758804321,0.029335580766201,0.322691388428211,0.0146677903831005,0.4675655961036682,5.14322155714035,0.2337827980518341,0.9195072054862976,10.114579260349274,0.4597536027431488,0.036276701837778,0.399043720215558,0.018138350918889
176429,16420,eu,3,30.0,0.0,0.79,22.0,30.0,0.0,b5sx10:b5vgaz:b5wzhh,POLITICS:GENERAL-NEWS:POLITICS,True,2019-03-26,82.0,26_03_19,0.38340632,10.059649440000001,0.12780210666666666,1.4712579300000002,39.58963822,0.49041931000000005,1.14533562,32.35070892,0.38177854,0.0,0.0,0.0,2.0,68.0,0.6666666666666666,1.0,14.0,0.3333333333333333,0.4588,6.4232,0.15293333333333334,0.2126077041029929,5.832169726490971,0.07086923470099764,0.5819727778434753,16.650203585624695,0.1939909259478251,0.049188397824764196,1.333345398306845,0.016396132608254732,1.1124627590179443,28.49378275871277,0.37082091967264813,1.0001502335071564,28.44386738538742,0.3333834111690521,0.043618111871182697,1.2466311175376121,0.014539370623727566
176607,16598,event,2,6.0,0.0,0.93,4.0,6.0,0.0,b5n5ia:b5jpzk,TRADING:nan,True,2019-03-26,30.0,26_03_19,0.18978922,2.88316238,0.09489461,0.98303887,14.83522141,0.491519435,0.8271719200000001,12.281616320000001,0.41358596000000003,0.0,0.0,0.0,2.0,30.0,1.0,0.0,0.0,0.0,0.0,0.0,0.0,0.14590577781200398,2.2634980827569953,0.07295288890600199,0.3215359523892402,4.450825832784175,0.1607679761946201,0.0223454004153609,0.3437633635476227,0.01117270020768045,0.7019512504339217,11.715312555432318,0.35097562521696085,0.7866193056106567,10.908631205558777,0.39330965280532837,0.021642304956912897,0.31796894967555867,0.010821152478456449
176239,16230,exchange,13,125.0,0.0,0.8476923076923076,44.0,125.0,0.0,b5q6x3:b5pgkw:b5se8e:b5pzbb:b5pn54:b5scok:b5lmuv:b5v6q9:b5tngd:b5lgml:b5m4s1:b5q23f:b5t8p2,TRADING:EXCHANGE:GENERAL-NEWS:EXCHANGE:EXCHANGE:EXCHANGE:GENERAL-NEWS:EXCHANGE:nan:Exchange:News:nan:Exchange,True,2019-03-26,299.0,26_03_19,1.46957816,34.39458307,0.11304447384615385,6.21237649,140.86472627,0.47787511461538457,5.3180450299999995,123.74069053,0.4090803869230769,0.0,0.0,0.0,13.0,299.0,1.0,0.0,0.0,0.0,0.0,0.0,0.0,0.9137002117931835,19.42738401517271,0.07028463167639873,2.523997858166694,55.6368784457445,0.19415368139743802,0.1683595990762109,3.558525698259457,0.012950738390477761,5.886730775237083,141.40493573248386,0.4528254442490064,3.3452207893133163,75.33233687281609,0.25732467610102433,0.161990698426961,3.6399368699639822,0.012460822955920077
176373,16364,exchange nan,4,76.0,0.0,0.8375,12.0,76.0,0.0,b5q6x3:b5se8e:b5lgml:b5t8p2,TRADING:GENERAL-NEWS:Exchange:Exchange,True,2019-03-26,128.0,26_03_19,0.48626463,14.66153842,0.1215661575,1.9952836,62.287672199999996,0.4988209,1.51845161,51.05078923,0.3796129025,0.0,0.0,0.0,4.0,128.0,1.0,0.0,0.0,0.0,0.0,0.0,0.0,0.3159769922494886,8.53430960327386,0.07899424806237215,0.9556340873241423,27.492875531315796,0.2389085218310356,0.057462215423583804,1.5762819126248286,0.014365553855895951,1.799468457698822,64.41718006134033,0.4498671144247055,0.8128024488687514,24.38196143507957,0.20320061221718785,0.058655579574405904,1.5973852118477132,0.014663894893601476
176605,16596,expanding,2,6.0,0.0,0.765,4.0,6.0,0.0,b5n5ia:b5q23f,TRADING:nan,False,2019-03-26,30.0,26_03_19,0.22653584,3.2873752,0.11326792,1.0147307300000001,15.18383187,0.5073653650000001,0.7587333300000001,11.528791830000001,0.37936666500000005,0.0,0.0,0.0,2.0,30.0,1.0,0.0,0.0,0.0,0.0,0.0,0.0,0.1547174006700515,2.3604259341955176,0.07735870033502575,0.34124482423067093,4.667623423039913,0.17062241211533546,0.03053804859519,0.4338824935257428,0.015269024297595,0.956013411283493,14.509996324777601,0.4780067056417465,0.4949572086334228,7.700348138809204,0.2474786043167114,0.022529019974171997,0.3277228148654088,0.011264509987085999
176664,16655,extra,2,2.0,0.0,0.835,0.0,2.0,0.0,b5q23f:b5v924,nan:nan,False,2019-03-26,22.0,26_03_19,0.243542044,2.678962484,0.121771022,0.99795265,10.97747915,0.498976325,0.75850522,8.34355742,0.37925261,0.0,0.0,0.0,2.0,22.0,1.0,0.0,0.0,0.0,0.0,0.0,0.0,0.1144945733249186,1.2594403065741044,0.0572472866624593,0.2935568988323211,3.229125887155532,0.14677844941616056,0.021896619582548703,0.24086281540803572,0.010948309791274351,1.2745336592197418,14.01987025141716,0.6372668296098709,0.27986764162778843,3.0785440579056726,0.13993382081389422,0.015650545479729598,0.1721560002770256,0.007825272739864799
176292,16283,fact,2,95.0,0.0,0.61,74.0,95.0,0.0,b5qqxt:b5kz41,LEGACY:TRADING,True,2019-03-26,189.0,26_03_19,0.21316559000000002,19.05055398,0.10658279500000001,0.9211753899999999,93.49796420999999,0.46058769499999996,0.8656590900000001,76.45148307,0.43282954500000004,0.0,0.0,0.0,2.0,189.0,1.0,0.0,0.0,0.0,0.0,0.0,0.0,0.1244108043611049,14.833867304027079,0.06220540218055245,0.18079466372728342,20.733222015202042,0.09039733186364171,0.0158495607320219,2.1588528086431293,0.00792478036601095,1.3169824481010437,100.08804237842558,0.6584912240505219,0.34886514395475376,49.422107979655266,0.17443257197737688,0.0130974242929368,1.7639098945073712,0.0065487121464684
176228,16219,far,4,143.0,0.0,0.8049999999999999,171.0,143.0,0.0,b5qqxt:b5p598:b5q23f:b5v1yl,LEGACY:TRADING:nan:Analysis,False,2019-03-26,354.0,26_03_19,0.38937675000000005,34.27935686000001,0.09734418750000001,2.01255993,177.80742755,0.5031399825,1.59806326,141.91321585,0.399515815,0.0,0.0,0.0,4.0,354.0,1.0,0.0,0.0,0.0,0.0,0.0,0.0,0.3260825052857398,29.25994434952736,0.08152062632143495,0.6055770069360733,42.90068904310464,0.15139425173401833,0.0521161695942282,4.302385294809931,0.01302904239855705,1.922384113073349,175.16976180672643,0.48059602826833725,1.0531745553016663,98.86594092845917,0.26329363882541656,0.040665605105459496,3.501281754113722,0.010166401276364874
176218,16209,finance,2,293.0,0.0,0.8600000000000001,72.0,293.0,0.0,b5oixc:b5sn89,TRADING:nan,True,2019-03-26,385.0,26_03_19,0.25028722000000003,42.368037040000004,0.12514361000000002,0.9780262000000001,175.98207969999999,0.48901310000000003,0.77168645,166.64986275,0.385843225,0.0,0.0,0.0,2.0,385.0,1.0,0.0,0.0,0.0,0.0,0.0,0.0,0.1534754037857055,27.17688218504189,0.07673770189285276,0.4009830802679061,56.44929443299768,0.20049154013395304,0.029301271773874704,5.023899856023476,0.014650635886937352,0.9393336772918701,194.20625567436218,0.46966683864593506,0.4553319811820983,98.12972071766852,0.22766599059104914,0.0215745419263838,4.013964077457753,0.0107872709631919
176628,16619,financial,2,5.0,0.0,0.685,2.0,5.0,0.0,b5ims1:b5q23f,FOCUSED-DISCUSSION:nan,False,2019-03-26,27.0,26_03_19,0.23293452,3.09144872,0.11646726,0.9601958,12.8031003,0.4800979,0.80686953,11.10544908,0.403434765,0.0,0.0,0.0,2.0,27.0,1.0,0.0,0.0,0.0,0.0,0.0,0.0,0.1412740573287009,1.8983819931745514,0.07063702866435045,0.3585915863513946,4.602447733283042,0.1792957931756973,0.0308947013691067,0.4028524532914152,0.01544735068455335,0.9709160029888153,13.250744491815567,0.48545800149440765,0.4754575192928313,6.542421042919157,0.23772875964641565,0.022866098210215402,0.3031522184610344,0.011433049105107701
176241,16232,following,5,143.0,0.0,0.788,95.0,143.0,0.0,b5qqxt:b5ojpe:b5n5ia:b5wzhh:b5q23f,LEGACY:GENERAL-NEWS:TRADING:POLITICS:nan,False,2019-03-26,288.0,26_03_19,0.5822765599999999,30.41416816,0.11645531199999999,2.47670639,141.12900642000002,0.495341278,1.9410169200000003,116.4568239,0.38820338400000004,0.0,0.0,0.0,4.0,274.0,0.8,1.0,14.0,0.2,0.4588,6.4232,0.09176,0.3772413358092307,22.57191354036331,0.07544826716184613,0.8104553669691086,41.14583614468574,0.16209107339382173,0.07367938756942741,3.8258035667240575,0.01473587751388548,2.1109249591827393,122.85122579336165,0.42218499183654784,1.5641049444675446,94.06432381272316,0.3128209888935089,0.0635940106585619,3.5409034434705857,0.012718802131712382
176542,16533,france,2,20.0,0.0,0.955,3.0,20.0,0.0,b5kn0z:b5vkce,WARNING:MEDIA,True,2019-03-26,43.0,26_03_19,0.24241423,5.36891549,0.121207115,0.8431065600000001,18.19193556,0.42155328000000003,0.9144792900000001,19.43915004,0.45723964500000003,0.0,0.0,0.0,2.0,43.0,1.0,0.0,0.0,0.0,0.0,0.0,0.0,0.1800496838986873,4.877616126090287,0.09002484194934365,0.4180523306131362,11.980053827166556,0.2090261653065681,0.0213028287980705,0.6060051384847597,0.01065141439903525,1.1031137704849243,18.126862347126007,0.5515568852424622,0.26110506802797306,6.950718618929385,0.13055253401398653,0.0163763707969336,0.458744892617684,0.0081881853984668
176405,16396,free,5,32.0,0.0,0.726,10.0,32.0,0.0,b5sn89:b5o6xt:b5q23f:b5v924:b5ukkn,nan:nan:nan:nan:Exchange,False,2019-03-26,92.0,26_03_19,0.606677094,11.921469233999998,0.12133541880000001,2.49537449,46.79768509,0.49907489800000004,1.8979480900000003,33.28083859,0.3795896180000001,0.0,0.0,0.0,5.0,92.0,1.0,0.0,0.0,0.0,0.0,0.0,0.0,0.34451504424214324,6.903302822262043,0.06890300884842865,0.9865362048149107,20.500881731510162,0.19730724096298213,0.0627693750429897,1.2925783281680172,0.012553875008597939,2.3275291472673416,41.33447228372097,0.4655058294534683,1.220078893005848,20.855641506612297,0.24401577860116958,0.05857114703394439,1.1131179507356073,0.011714229406788878
176232,16223,friends,2,259.0,0.0,0.855,52.0,259.0,0.0,b5ijx7:b5n5ia,MEDIA:TRADING,True,2019-03-26,331.0,26_03_19,0.20526892000000002,34.90941288,0.10263446000000001,0.95091353,149.38682197000003,0.475456765,0.8438175,146.70374955,0.42190875,0.0,0.0,0.0,2.0,331.0,1.0,0.0,0.0,0.0,0.0,0.0,0.0,0.15119028836488718,23.052542924880967,0.07559514418244359,0.2458293512463569,43.22605828195809,0.12291467562317845,0.0248476425185799,4.164534468203771,0.01242382125928995,1.0133647918701172,169.8951027393341,0.5066823959350586,0.5444550216197968,87.2506015896797,0.2722275108098984,0.0203129770234226,3.4111796589567986,0.0101564885117113
176336,16327,future,3,42.0,0.0,0.9033333333333332,95.0,42.0,0.0,b5p598:b5scok:b5vjbn,TRADING:EXCHANGE:GENERAL-NEWS,True,2019-03-26,167.0,26_03_19,0.31662072,16.85192476,0.10554024000000001,1.45970273,83.04003234000001,0.48656757666666667,1.22367653,67.10804232999999,0.4078921766666667,0.0,0.0,0.0,3.0,167.0,1.0,0.0,0.0,0.0,0.0,0.0,0.0,0.24783060699701298,13.662486597895622,0.08261020233233766,0.5288297608494759,21.246888175606724,0.1762765869498253,0.0417152447625994,2.1022605746984446,0.013905081587533133,1.3981844782829285,82.38131481409071,0.46606149276097614,0.7461409270763397,45.856018006801605,0.2487136423587799,0.037298982031643196,1.7510335687547853,0.012432994010547732
176302,16293,games,2,97.0,0.0,0.945,66.0,97.0,0.0,b5qqxt:b5t6x7,LEGACY:GENERAL-NEWS,True,2019-03-26,183.0,26_03_19,0.21019968,18.332580240000002,0.10509984,0.95272103,91.36580493,0.476360515,0.83707929,73.30161483,0.418539645,0.0,0.0,0.0,2.0,183.0,1.0,0.0,0.0,0.0,0.0,0.0,0.0,0.1530356705188751,14.924801766872406,0.07651783525943755,0.3171799704432487,21.970525480806824,0.15858998522162435,0.0269132852554321,2.26999310776591,0.01345664262771605,0.7330138981342316,88.17391169071196,0.3665069490671158,0.7417309582233429,53.735171020030975,0.37086547911167145,0.028126300312578602,1.9255995573475895,0.014063150156289301
176304,16295,gaming,2,97.0,0.0,0.945,66.0,97.0,0.0,b5qqxt:b5t6x7,LEGACY:GENERAL-NEWS,False,2019-03-26,183.0,26_03_19,0.21019968,18.332580240000002,0.10509984,0.95272103,91.36580493,0.476360515,0.83707929,73.30161483,0.418539645,0.0,0.0,0.0,2.0,183.0,1.0,0.0,0.0,0.0,0.0,0.0,0.0,0.1530356705188751,14.924801766872406,0.07651783525943755,0.3171799704432487,21.970525480806824,0.15858998522162435,0.0269132852554321,2.26999310776591,0.01345664262771605,0.7330138981342316,88.17391169071196,0.3665069490671158,0.7417309582233429,53.735171020030975,0.37086547911167145,0.028126300312578602,1.9255995573475895,0.014063150156289301
176614,16605,gets,2,2.0,0.0,0.5,7.0,2.0,0.0,b5t8p2:b5nw1i,Exchange:nan,False,2019-03-26,29.0,26_03_19,0.25701129,3.7254169,0.128505645,0.9119257000000001,13.4420748,0.45596285000000003,0.83106285,11.832505350000002,0.415531425,0.0,0.0,0.0,2.0,29.0,1.0,0.0,0.0,0.0,0.0,0.0,0.0,0.2197852730751037,2.9904450476169573,0.10989263653755185,0.5677885860204696,7.759701818227767,0.2838942930102348,0.0317724887281655,0.4480134565383176,0.01588624436408275,0.7104377746582031,10.79034298658371,0.35521888732910156,0.4369322657585144,6.5052598267793655,0.2184661328792572,0.0332836275920271,0.506237025372683,0.01664181379601355
176247,16238,getting,6,122.0,0.0,0.8816666666666667,70.0,122.0,0.0,b5qqxt:b5ims1:b5iplw:b5irzj:b5wav2:b5of28,LEGACY:FOCUSED-DISCUSSION:SUPPORT:GENERAL-NEWS:nan:nan,False,2019-03-26,252.0,26_03_19,0.7136718,26.95829312,0.11894529999999999,2.9989395300000004,126.41729463000001,0.4998232550000001,2.28738822,98.62440495000001,0.38123137,0.0,0.0,0.0,6.0,252.0,1.0,0.0,0.0,0.0,0.0,0.0,0.0,0.4407926276326175,19.884189084172245,0.07346543793876958,1.1538434699177742,36.39589970558882,0.1923072449862957,0.09801785741001351,3.4846299774944725,0.016336309568335584,2.8404940366744995,123.28550741076468,0.47341567277908325,1.3963744342327118,66.2614609003067,0.23272907237211862,0.0704772593453522,2.688309376128006,0.011746209890892034
176494,16485,getting know,3,22.0,0.0,0.9,1.0,22.0,0.0,b5iplw:b5irzj:b5of28,SUPPORT:GENERAL-NEWS:nan,True,2019-03-26,53.0,26_03_19,0.38130216,6.73633816,0.12710072,1.5360195,27.1363445,0.5120065,1.08267804,19.12731204,0.36089268,0.0,0.0,0.0,3.0,53.0,1.0,0.0,0.0,0.0,0.0,0.0,0.0,0.21720175445079778,3.8372309952974275,0.0724005848169326,0.6810105890035629,12.031187072396278,0.2270035296678543,0.054877661168575204,0.9695053473114953,0.0182925537228584,1.3703469336032867,24.209462493658066,0.4567823112010956,0.6389395594596861,11.28793221712112,0.21297985315322868,0.0376232117414472,0.6646767407655672,0.0125410705804824
176284,16275,giant,2,100.0,0.0,0.875,70.0,100.0,0.0,b5qqxt:b5n5ia,LEGACY:TRADING,True,2019-03-26,190.0,26_03_19,0.19887024,18.8926728,0.09943512,1.00544846,95.5176037,0.50272423,0.7956813,75.5897235,0.39784065,0.0,0.0,0.0,2.0,190.0,1.0,0.0,0.0,0.0,0.0,0.0,0.0,0.1646336317062378,15.64019501209259,0.0823168158531189,0.2284825891256332,21.705845966935154,0.1142412945628166,0.0244909897446632,2.326644025743004,0.0122454948723316,0.9984622001647948,94.8539090156555,0.4992311000823974,0.5639547109603882,53.57569754123688,0.2819773554801941,0.0199758987873792,1.897710384801024,0.0099879493936896
176371,16362,goes,5,36.0,0.0,0.724,45.0,36.0,0.0,b5m52p:b5scok:b5kz41:b5q23f:b5pg77,PRIVACY:EXCHANGE:TRADING:nan:Sentiment,False,2019-03-26,131.0,26_03_19,0.53875454,15.44164295,0.107750908,2.29840733,57.67759865000001,0.459681466,2.1628381,57.88075882999999,0.43256762000000004,0.0,0.0,0.0,5.0,131.0,1.0,0.0,0.0,0.0,0.0,0.0,0.0,0.4103720299899576,13.844117671251293,0.08207440599799151,0.9267348051071165,33.37400844693183,0.18534696102142328,0.0615301562938838,1.8875985159538644,0.01230603125877676,2.541169375181198,54.96852859854698,0.5082338750362396,1.0128025785088537,25.48785787820816,0.20256051570177075,0.0473911047447469,1.4378912155516341,0.00947822094894938
176393,16384,going,5,32.0,0.0,0.8859999999999999,21.0,32.0,0.0,b5n82d:b5n5ia:b5rh8g:b5v1yl:b5v924,SUPPORT:TRADING:New Coin:Analysis:nan,False,2019-03-26,103.0,26_03_19,0.510315214,9.956936784,0.1020630428,2.44958521,51.015332459999996,0.48991704199999997,2.04009962,42.02773266,0.408019924,0.0,0.0,0.0,5.0,103.0,1.0,0.0,0.0,0.0,0.0,0.0,0.0,0.3603515960276125,7.97854512557387,0.07207031920552251,0.7281214371323586,16.62325013428926,0.1456242874264717,0.0568390453699975,1.2488688172306843,0.0113678090739995,2.619006931781769,49.386671125888824,0.5238013863563538,1.1846896037459373,26.622481651604176,0.23693792074918746,0.0509914655704048,1.1401840623002437,0.01019829311408096
176243,16234,gone,3,136.0,0.0,0.8933333333333334,113.0,136.0,0.0,b5vza2:b5wjx4:b5vyfa,SECURITY:nan:SECURITY,False,2019-03-26,279.0,26_03_19,0.36880411999999996,35.34107799,0.12293470666666666,1.30795014,123.85427999999999,0.43598338,1.3232460400000001,119.80467404,0.44108201333333336,0.0,0.0,0.0,3.0,279.0,1.0,0.0,0.0,0.0,0.0,0.0,0.0,0.1699789762496947,17.708787407726042,0.056659658749898235,0.4325624108314512,50.30081953108308,0.1441874702771504,0.0320331009570508,3.900518952636034,0.010677700319016934,1.6803334057331085,123.61140275001526,0.5601111352443695,0.6461385115981101,78.58010152727365,0.2153795038660367,0.0389536155853418,4.89836826524695,0.012984538528447267
176363,16354,gone unnoticed,2,82.0,0.0,0.96,39.0,82.0,0.0,b5vza2:b5vyfa,SECURITY:SECURITY,False,2019-03-26,141.0,26_03_19,0.25249558,19.29049947,0.12624779,0.85589391,61.470520259999994,0.427946955,0.89161064,60.238988840000005,0.44580532,0.0,0.0,0.0,2.0,141.0,1.0,0.0,0.0,0.0,0.0,0.0,0.0,0.0923908352851867,7.001623954623937,0.04619541764259335,0.1841177791357039,16.01546035706996,0.09205888956785195,0.0113956427667289,1.0525497223716114,0.00569782138336445,1.3702746033668518,80.82328802347183,0.6851373016834259,0.32842078059911717,34.73505464941263,0.16421039029955858,0.0134003965649752,1.3720240404363593,0.0067001982824876
176262,16253,got,3,109.0,0.0,0.7999999999999999,77.0,109.0,0.0,b5qqxt:b5q23f:b5v1yl,LEGACY:nan:Analysis,False,2019-03-26,216.0,26_03_19,0.28994163,20.5573103,0.09664721,1.5098357,108.43148380999999,0.5032785666666667,1.20022261,87.01120614999999,0.4000742033333333,0.0,0.0,0.0,3.0,216.0,1.0,0.0,0.0,0.0,0.0,0.0,0.0,0.2437656894326209,17.90022376179695,0.08125522981087363,0.49133571237325663,27.135390393435948,0.16377857079108554,0.0398706747218966,2.6125070024281705,0.013290224907298866,1.4231530129909515,106.27586999535559,0.4743843376636505,0.7711971998214722,59.95306587219238,0.25706573327382404,0.030677655711769898,2.1229447377845565,0.010225885237256633
176404,16395,government,3,48.0,0.0,0.8166666666666668,14.0,48.0,0.0,b5k924:b5ims1:b5rh8g,POLITICS:FOCUSED-DISCUSSION:New Coin,True,2019-03-26,92.0,26_03_19,0.35043271,11.81138213,0.11681090333333333,1.33382135,40.55638295,0.4446071166666667,1.3157459,39.632237249999996,0.43858196666666666,0.0,0.0,0.0,3.0,92.0,1.0,0.0,0.0,0.0,0.0,0.0,0.0,0.1880437918007373,5.166032049804924,0.0626812639335791,0.38074052333831765,11.222611472010605,0.12691350777943922,0.0329958721995352,0.8563316268846325,0.010998624066511734,1.580790638923645,49.71884214878082,0.5269302129745483,0.7864883244037628,24.0884308218956,0.2621627748012543,0.030940976925194,0.9477538662031211,0.010313658975064666
176245,16236,group,5,144.0,0.0,0.844,69.0,144.0,0.0,b5qqxt:b5o50a:b5ims1:b5r2ro:b5o6xt,LEGACY:MEDIA:FOCUSED-DISCUSSION:News:nan,True,2019-03-26,263.0,26_03_19,0.5890247000000001,28.420195160000002,0.11780494000000001,2.43746063,130.76308373,0.48749212599999997,1.97351418,103.81670907,0.394702836,0.0,0.0,0.0,5.0,263.0,1.0,0.0,0.0,0.0,0.0,0.0,0.0,0.38725002855062457,21.17090314626693,0.07745000571012492,0.9054121300578116,38.3358154669404,0.18108242601156233,0.0712876478210089,3.4664690159261142,0.014257529564201779,2.320297807455063,126.66135096549986,0.4640595614910126,1.2428648471832275,70.15046620368958,0.2485729694366455,0.07288751099258639,3.214995530433944,0.014577502198517278
176514,16505,group chance,2,31.0,0.0,0.815,1.0,31.0,0.0,b5o50a:b5o6xt,MEDIA:nan,True,2019-03-26,52.0,26_03_19,0.25665506,6.67303156,0.12832753,0.9745406,25.3380556,0.4872703,0.768804,19.988904,0.384402,0.0,0.0,0.0,2.0,52.0,1.0,0.0,0.0,0.0,0.0,0.0,0.0,0.1636591553688048,4.255138039588925,0.0818295776844024,0.4325792491436004,11.24706047773361,0.2162896245718002,0.0281474515795706,0.7318337410688356,0.0140737257897853,0.85015070438385,22.1039183139801,0.425075352191925,0.485429972410202,12.621179282665253,0.242714986205101,0.0400334633886814,1.0408700481057163,0.0200167316943407
176205,16196,groups,2,20.0,0.0,0.685,610.0,20.0,0.0,b5imxn:b5ims1,FOCUSED-DISCUSSION:FOCUSED-DISCUSSION,True,2019-03-26,650.0,26_03_19,0.16923959,41.89261166000001,0.084619795,0.94329427,321.06757977999996,0.471647135,0.88746613,287.03983312,0.443733065,0.0,0.0,0.0,2.0,650.0,1.0,0.0,0.0,0.0,0.0,0.0,0.0,0.1579217612743377,57.558590635657296,0.07896088063716886,0.281678944826126,97.26303198933599,0.140839472413063,0.0219347737729549,6.118519326671957,0.01096738688647745,0.9812732934951782,304.3926465511322,0.4906366467475891,0.538717657327652,179.3357970714569,0.269358828663826,0.018473663367330903,5.331435499712796,0.009236831683665452
176315,16306,growing,2,96.0,0.0,0.78,66.0,96.0,0.0,b5qqxt:b5q23f,LEGACY:nan,False,2019-03-26,182.0,26_03_19,0.22653584,18.401513440000002,0.11326792,1.0147307300000001,91.59791483,0.5073653650000001,0.7587333300000001,72.00057063,0.37936666500000005,0.0,0.0,0.0,2.0,182.0,1.0,0.0,0.0,0.0,0.0,0.0,0.0,0.1547174006700515,14.87258194386959,0.07735870033502575,0.34124482423067093,22.032300196588036,0.17062241211533546,0.03053804859519,2.295197714120146,0.015269024297595,0.956013411283493,90.393123537302,0.4780067056417465,0.4949572086334228,50.560906171798706,0.2474786043167114,0.022529019974171997,1.845891122706228,0.011264509987085999
176225,16216,growth,2,270.0,0.0,0.54,66.0,270.0,0.0,b5oixc:b5ti6c,TRADING:MEDIA,True,2019-03-26,356.0,26_03_19,0.21956427,37.779489510000005,0.109782135,0.86664046,159.16879498,0.43332023,0.9137952899999999,159.05169927,0.45689764499999996,0.0,0.0,0.0,2.0,356.0,1.0,0.0,0.0,0.0,0.0,0.0,0.0,0.1109674610197543,24.170822922140346,0.05548373050987715,0.1981414258480071,45.999897241592386,0.09907071292400355,0.0162062135059386,4.3693894988391415,0.0081031067529693,1.331885039806366,186.97862380743027,0.665942519903183,0.32936545461416233,90.89938073605298,0.16468272730708117,0.0134345025289802,3.5819076506886325,0.0067172512644901
176645,16636,guess,2,1.0,0.0,0.48,3.0,1.0,0.0,b5ti6c:b5q23f,MEDIA:nan,True,2019-03-26,24.0,26_03_19,0.24083119,2.87660403,0.120415595,0.9304576600000001,11.07193658,0.46522883000000004,0.82871112,10.0514592,0.41435556,0.0,0.0,0.0,2.0,24.0,1.0,0.0,0.0,0.0,0.0,0.0,0.0,0.1144945733249186,1.3436282835900766,0.0572472866624593,0.2935568988323211,3.3622326254844657,0.14677844941616056,0.021896619582548703,0.2480709471274163,0.010948309791274351,1.2745336592197418,15.655372947454453,0.6372668296098709,0.27986764162778843,3.2123196348547918,0.13993382081389422,0.015650545479729598,0.17837495007551998,0.007825272739864799
176271,16262,guys,3,57.0,0.0,0.7966666666666665,111.0,57.0,0.0,b5p598:b5n82d:b5v1yl,TRADING:SUPPORT:Analysis,True,2019-03-26,198.0,26_03_19,0.28804009,19.133022099999998,0.09601336333333334,1.51544976,99.66764728,0.50514992,1.19651023,79.19933302,0.3988367433333333,0.0,0.0,0.0,3.0,198.0,1.0,0.0,0.0,0.0,0.0,0.0,0.0,0.2493841350078582,16.415857195854183,0.0831280450026194,0.5299800112843513,27.775232389569283,0.17666000376145044,0.0406328318640589,2.5026100631803234,0.013544277288019635,1.2871218919754028,93.11616921424864,0.4290406306584676,0.8553241491317749,56.02981162071228,0.2851080497105916,0.0375569630414246,2.160320457071058,0.012518987680474866
176310,16301,happened,2,96.0,0.0,0.78,66.0,96.0,0.0,b5qqxt:b5q23f,LEGACY:nan,False,2019-03-26,182.0,26_03_19,0.22653584,18.401513440000002,0.11326792,1.0147307300000001,91.59791483,0.5073653650000001,0.7587333300000001,72.00057063,0.37936666500000005,0.0,0.0,0.0,2.0,182.0,1.0,0.0,0.0,0.0,0.0,0.0,0.0,0.1547174006700515,14.87258194386959,0.07735870033502575,0.34124482423067093,22.032300196588036,0.17062241211533546,0.03053804859519,2.295197714120146,0.015269024297595,0.956013411283493,90.393123537302,0.4780067056417465,0.4949572086334228,50.560906171798706,0.2474786043167114,0.022529019974171997,1.845891122706228,0.011264509987085999
176431,16422,help,4,28.0,0.0,0.9,9.0,28.0,0.0,b5jlgu:b5sn89:b5rh8g:b5q23f,nan:nan:New Coin:nan,True,2019-03-26,77.0,26_03_19,0.52567154,10.472110559999999,0.131417885,1.9593581000000002,38.874261600000004,0.48983952500000005,1.5149701100000001,27.65362251,0.37874252750000004,0.0,0.0,0.0,4.0,77.0,1.0,0.0,0.0,0.0,0.0,0.0,0.0,0.27617283537983883,5.7983080036938155,0.06904320884495971,0.7455510199069975,16.815483063459393,0.18638775497674936,0.055385402403771704,1.1521165696904037,0.013846350600942926,1.9486392438411713,35.644498616456985,0.4871598109602928,0.9298448264598846,16.7317321896553,0.23246120661497116,0.0444065341725942,0.857856874354177,0.01110163354314855
176342,16333,hi,2,39.0,0.0,0.84,98.0,39.0,0.0,b5p598:b5n5ia,TRADING:TRADING,True,2019-03-26,157.0,26_03_19,0.19887024,15.611313840000001,0.09943512,1.00544846,78.92770411,0.50272423,0.7956813,62.46098205,0.39784065,0.0,0.0,0.0,2.0,157.0,1.0,0.0,0.0,0.0,0.0,0.0,0.0,0.1646336317062378,12.923740088939667,0.0823168158531189,0.2284825891256332,17.935883246362206,0.1142412945628166,0.0244909897446632,1.9225426949560611,0.0122454948723316,0.9984622001647948,78.37928271293639,0.4992311000823974,0.5639547109603882,44.27044481039047,0.2819773554801941,0.0199758987873792,1.5681080548092672,0.0099879493936896
176307,16298,hidden,2,95.0,0.0,0.59,67.0,95.0,0.0,b5qqxt:b5pk3h,LEGACY:nan,True,2019-03-26,182.0,26_03_19,0.19887024,18.09719184,0.09943512,1.00544846,91.49580986,0.50272423,0.7956813,72.4069983,0.39784065,0.0,0.0,0.0,2.0,182.0,1.0,0.0,0.0,0.0,0.0,0.0,0.0,0.1646336317062378,14.98166048526764,0.0823168158531189,0.2284825891256332,20.79191561043262,0.1142412945628166,0.0244909897446632,2.228680066764351,0.0122454948723316,0.9984622001647948,90.86006021499632,0.4992311000823974,0.5639547109603882,51.319878697395325,0.2819773554801941,0.0199758987873792,1.817806789651507,0.0099879493936896
176551,16542,higher,2,12.0,0.0,0.875,5.0,12.0,0.0,b5n5ia:b5scok,TRADING:EXCHANGE,False,2019-03-26,37.0,26_03_19,0.20526892000000002,3.79427568,0.10263446000000001,0.95091353,17.61916777,0.475456765,0.8438175,15.586555650000001,0.42190875,0.0,0.0,0.0,2.0,37.0,1.0,0.0,0.0,0.0,0.0,0.0,0.0,0.15119028836488718,2.8037420064210883,0.07559514418244359,0.2458293512463569,4.53916961699724,0.12291467562317845,0.0248476425185799,0.4595030602067698,0.01242382125928995,1.0133647918701172,18.739797353744507,0.5066823959350586,0.5444550216197968,10.082167744636536,0.2722275108098984,0.0203129770234226,0.3756215358152964,0.0101564885117113
176268,16259,history,3,106.0,0.0,0.8266666666666667,66.0,106.0,0.0,b5qqxt:b5qr7r:b5q23f,LEGACY:MEDIA:nan,True,2019-03-26,202.0,26_03_19,0.3552196,20.975188640000002,0.11840653333333334,1.43938613,100.09102282999999,0.47979537666666666,1.20539418,80.93378763,0.40179806,0.0,0.0,0.0,3.0,202.0,1.0,0.0,0.0,0.0,0.0,0.0,0.0,0.29267309606075276,17.631695851683617,0.09755769868691759,0.6927437856793404,29.062279425561425,0.23091459522644678,0.0482368115335702,2.64917297288775,0.016078937177856734,1.2413758337497711,96.10037198662756,0.413791944583257,0.6891744881868362,54.445251762866974,0.2297248293956121,0.0357959158718584,2.111229040659956,0.011931971957286134
176359,16350,hold,2,35.0,0.0,0.745,94.0,35.0,0.0,b5p598:b5q23f,TRADING:nan,True,2019-03-26,149.0,26_03_19,0.22653584,15.12015448,0.11326792,1.0147307300000001,75.00801523999999,0.5073653650000001,0.7587333300000001,58.87182918,0.37936666500000005,0.0,0.0,0.0,2.0,149.0,1.0,0.0,0.0,0.0,0.0,0.0,0.0,0.1547174006700515,12.156127020716667,0.07735870033502575,0.34124482423067093,18.26233747601509,0.17062241211533546,0.03053804859519,1.8910963833332033,0.015269024297595,0.956013411283493,73.91849723458289,0.4780067056417465,0.4949572086334228,41.2556534409523,0.2474786043167114,0.022529019974171997,1.5162887927144713,0.011264509987085999
176612,16603,hope,2,8.0,0.0,0.78,1.0,8.0,0.0,b5scok:b5q23f,EXCHANGE:nan,True,2019-03-26,29.0,26_03_19,0.23293452,3.30311632,0.11646726,0.9601958,13.6994789,0.4800979,0.80686953,11.99740278,0.403434765,0.0,0.0,0.0,2.0,29.0,1.0,0.0,0.0,0.0,0.0,0.0,0.0,0.1412740573287009,2.036128938198088,0.07063702866435045,0.3585915863513946,4.865623846650123,0.1792957931756973,0.0308947013691067,0.42805674858391185,0.01544735068455335,0.9709160029888153,14.279011875391006,0.48545800149440765,0.4754575192928313,7.0673763751983625,0.23772875964641565,0.022866098210215402,0.3238022737205004,0.011433049105107701
176187,16178,https,10,153.0,0.0,0.851,695.0,153.0,0.0,b5qqxt:b5imxn:b5tngd:b5vgle:b5tss4:b5sn89:b5q23f:b5ng23:b5v1yl:b5v924,LEGACY:FOCUSED-DISCUSSION:nan:nan:nan:nan:nan:nan:Analysis:nan,True,2019-03-26,948.0,26_03_19,1.178042214,74.451820954,0.11780422139999999,4.7926178,469.92668175,0.47926178,4.02933986,403.62151924000005,0.40293398599999997,0.0,0.0,0.0,9.0,936.0,0.9,1.0,12.0,0.1,0.4588,5.505599999999999,0.04588,0.768164552748203,81.83784329146145,0.0768164552748203,1.7252185270190237,142.71800097078082,0.17252185270190237,0.12892483477480682,9.94022974162362,0.012892483477480681,5.000477761030197,450.2575112879276,0.5000477761030198,2.275902085006237,254.90823466330767,0.2275902085006237,0.10131210950203172,8.338197427568913,0.010131210950203171
176195,16186,https www,4,31.0,0.0,0.7549999999999999,620.0,31.0,0.0,b5imxn:b5tngd:b5ng23:b5v1yl,FOCUSED-DISCUSSION:nan:nan:Analysis,True,2019-03-26,691.0,26_03_19,0.37818642,45.26573200000001,0.094546605,1.94765387,341.77125781999996,0.4869134675,1.67415971,303.96303599000004,0.4185399275,0.0,0.0,0.0,3.0,679.0,0.75,1.0,12.0,0.25,0.4588,5.505599999999999,0.1147,0.3164583146572112,61.075724266469464,0.0791145786643028,0.5838004052639005,103.53254877030847,0.14595010131597513,0.0474954536184668,6.567554521374404,0.0118738634046167,1.8703105449676514,322.76749634742737,0.46757763624191284,1.14237442612648,191.34456977248192,0.28559360653162,0.039560989476740104,5.712128261104196,0.009890247369185026
176289,16280,huge,2,95.0,0.0,0.61,74.0,95.0,0.0,b5qqxt:b5kz41,LEGACY:TRADING,False,2019-03-26,189.0,26_03_19,0.21316559000000002,19.05055398,0.10658279500000001,0.9211753899999999,93.49796420999999,0.46058769499999996,0.8656590900000001,76.45148307,0.43282954500000004,0.0,0.0,0.0,2.0,189.0,1.0,0.0,0.0,0.0,0.0,0.0,0.0,0.1244108043611049,14.833867304027079,0.06220540218055245,0.18079466372728342,20.733222015202042,0.09039733186364171,0.0158495607320219,2.1588528086431293,0.00792478036601095,1.3169824481010437,100.08804237842558,0.6584912240505219,0.34886514395475376,49.422107979655266,0.17443257197737688,0.0130974242929368,1.7639098945073712,0.0065487121464684
176545,16536,huobi,3,9.0,0.0,0.82,2.0,9.0,0.0,b5rlek:b5scok:b5ucu4,TRADING:EXCHANGE:Analysis,True,2019-03-26,41.0,26_03_19,0.34892266,4.68975042,0.11630755333333333,1.4453087999999998,19.4857187,0.48176959999999996,1.20576844,16.82452943,0.4019228133333333,0.0,0.0,0.0,3.0,41.0,1.0,0.0,0.0,0.0,0.0,0.0,0.0,0.27606359869241703,3.5895327478647214,0.09202119956413901,0.7876840978860853,9.788580149412152,0.26256136596202845,0.0484484871849417,0.6358161829411973,0.0161494957283139,1.0728453993797302,15.634018033742905,0.3576151331265767,0.7701903581619263,10.769191205501556,0.2567301193873088,0.0447682049125431,0.582863798364994,0.0149227349708477
176655,16646,huobi prime,2,2.0,0.0,0.7849999999999999,1.0,2.0,0.0,b5rlek:b5ucu4,TRADING:Analysis,True,2019-03-26,23.0,26_03_19,0.24308886000000002,2.78474202,0.12154443000000001,0.9971194999999999,11.4183113,0.49855974999999997,0.7597915900000001,8.79694613,0.37989579500000004,0.0,0.0,0.0,2.0,23.0,1.0,0.0,0.0,0.0,0.0,0.0,0.0,0.2071901261806487,2.3498102426528917,0.10359506309032435,0.656096041202545,7.419995129108427,0.3280480206012725,0.0358463395386934,0.4089775253087279,0.0179231697693467,0.5587117075920105,6.37961158156395,0.27935585379600525,0.5077126920223236,6.0445932149887085,0.2538563460111618,0.0344431772828101,0.3970133010298001,0.01722158864140505
176515,16506,ico,4,10.0,0.0,0.89,1.0,10.0,0.0,b5scok:b5tss4:b5q23f:b5v924,EXCHANGE:nan:nan:nan,True,2019-03-26,51.0,26_03_19,0.488140954,6.110387094,0.1220352385,1.8835847,23.8567568,0.470896175,1.62827427,21.03285492,0.4070685675,0.0,0.0,0.0,4.0,51.0,1.0,0.0,0.0,0.0,0.0,0.0,0.0,0.23366489261388762,3.0524281263351414,0.058416223153471905,0.5427093654870985,6.890919417142865,0.13567734137177462,0.04229034413583561,0.5534088190179297,0.010572586033958902,2.341190606355667,29.352032512426376,0.5852976515889168,0.8038782998919486,10.68000496178865,0.20096957497298715,0.036266494775190596,0.4712066359352276,0.009066623693797649
176473,16464,including,2,27.0,0.0,0.815,11.0,27.0,0.0,b5ims1:b5sn89,FOCUSED-DISCUSSION:nan,False,2019-03-26,58.0,26_03_19,0.25028722000000003,7.760384439999999,0.12514361000000002,0.9780262000000001,29.424178600000005,0.48901310000000003,0.77168645,20.8154328,0.385843225,0.0,0.0,0.0,2.0,58.0,1.0,0.0,0.0,0.0,0.0,0.0,0.0,0.1534754037857055,4.655256673693655,0.07673770189285276,0.4009830802679061,13.419999897480007,0.20049154013395304,0.029301271773874704,0.9029975757002816,0.014650635886937352,0.9393336772918701,26.084538459777832,0.46966683864593506,0.4553319811820983,12.29952389001846,0.22766599059104914,0.0215745419263838,0.6376800425350616,0.0107872709631919
176227,16218,industries,2,271.0,0.0,0.73,63.0,271.0,0.0,b5oixc:b5q23f,TRADING:nan,True,2019-03-26,354.0,26_03_19,0.23293452,37.699101320000004,0.11646726,0.9601958,159.3610014,0.4800979,0.80686953,156.93987903000001,0.403434765,0.0,0.0,0.0,2.0,354.0,1.0,0.0,0.0,0.0,0.0,0.0,0.0,0.1412740573287009,24.420007504522786,0.07063702866435045,0.3585915863513946,47.631742268800714,0.1792957931756973,0.0308947013691067,4.52375473361461,0.01544735068455335,0.9709160029888153,181.37246170639992,0.48545800149440765,0.4754575192928313,92.37261787056921,0.23772875964641565,0.022866098210215402,3.6794362533837255,0.011433049105107701
176374,16365,industry,4,52.0,0.0,0.77,35.0,52.0,0.0,b5pgkw:b5sn89:b5r2ro:b5q0o0,EXCHANGE:nan:News:nan,True,2019-03-26,127.0,26_03_19,0.53900301,17.46115643,0.1347507525,1.90394155,61.07186535,0.4759853875,1.55705533,48.466975520000005,0.3892638325,0.0,0.0,0.0,4.0,127.0,1.0,0.0,0.0,0.0,0.0,0.0,0.0,0.3452550582587718,9.410908985882994,0.08631376456469295,0.9654619246721265,26.741319328546517,0.24136548116803164,0.060482017695903605,1.7345569264143643,0.015120504423975901,1.7198679745197296,59.31916344165802,0.4299669936299324,0.8615844398736954,28.35712167620659,0.21539610996842384,0.047348402440547596,1.43692320678382,0.011837100610136899
176555,16546,industry nan,2,14.0,0.0,0.75,2.0,14.0,0.0,b5r2ro:b5q0o0,News:nan,True,2019-03-26,36.0,26_03_19,0.25578448,4.5946224,0.12789224,0.9366619,17.384020800000002,0.46833095,0.8075535300000001,14.02135452,0.40377676500000004,0.0,0.0,0.0,2.0,36.0,1.0,0.0,0.0,0.0,0.0,0.0,0.0,0.2103562802076339,3.393082380294798,0.10517814010381694,0.5785024911165237,9.666072249412537,0.28925124555826187,0.0359913166612386,0.6514064446091641,0.0179956583306193,0.7421447336673737,14.38712453842163,0.37107236683368683,0.4071971327066421,7.442123830318449,0.20359856635332105,0.025807966478168798,0.46018844470381437,0.012903983239084399
176465,16456,info,2,28.0,0.0,0.895,13.0,28.0,0.0,b5n5ia:b5sn89,TRADING:nan,True,2019-03-26,61.0,26_03_19,0.24388854,7.95631092,0.12194427,1.03256113,31.804910170000003,0.516280565,0.72355025,21.23877555,0.361775125,0.0,0.0,0.0,2.0,61.0,1.0,0.0,0.0,0.0,0.0,0.0,0.0,0.1669187471270561,5.117300614714621,0.08345937356352805,0.3836363181471824,13.48517558723688,0.1918181590735912,0.028944618999958004,0.9340276159346093,0.014472309499979002,0.9244310855865479,27.343790292739868,0.4622155427932739,0.4748316705226898,13.457450985908507,0.2374158352613449,0.0212374636903404,0.6622506389394359,0.0106187318451702
176201,16192,information,3,24.0,0.0,0.8433333333333334,612.0,24.0,0.0,b5imxn:b5n5ia:b5pzbb,FOCUSED-DISCUSSION:TRADING:EXCHANGE,True,2019-03-26,666.0,26_03_19,0.25319501,43.263141440000005,0.08439833666666667,1.47814384,329.69240167,0.49271461333333333,1.2686612,293.04448238,0.42288706666666664,0.0,0.0,0.0,3.0,666.0,1.0,0.0,0.0,0.0,0.0,0.0,0.0,0.2349540665745734,58.84729108214377,0.07831802219152446,0.4716268405318259,100.02303823083636,0.15720894684394196,0.0316780265420675,6.280848138965666,0.010559342180689166,1.1690908521413803,308.28726033866405,0.38969695071379346,1.062859296798706,187.05406951904297,0.35428643226623535,0.029790940694510798,5.507512718439074,0.009930313564836932
176637,16628,instead,2,3.0,0.0,0.665,1.0,3.0,0.0,b5rh8g:b5pzvl,New Coin:News,False,2019-03-26,24.0,26_03_19,0.20472566,2.4636498600000003,0.10236283,0.9234072,11.0538578,0.4617036,0.87186709,10.48249169,0.435933545,0.0,0.0,0.0,2.0,24.0,1.0,0.0,0.0,0.0,0.0,0.0,0.0,0.1606928333640098,1.9053681120276442,0.0803464166820049,0.4084648638963699,4.756289616227149,0.20423243194818494,0.029313112609088303,0.34764853399246787,0.014656556304544151,0.7876194417476654,9.692081242799759,0.3938097208738327,0.5902164876461028,7.0173366963863355,0.2951082438230514,0.0236933734267949,0.2812771629542099,0.01184668671339745
176609,16600,intended,2,6.0,0.0,0.765,4.0,6.0,0.0,b5n5ia:b5q23f,TRADING:nan,False,2019-03-26,30.0,26_03_19,0.22653584,3.2873752,0.11326792,1.0147307300000001,15.18383187,0.5073653650000001,0.7587333300000001,11.528791830000001,0.37936666500000005,0.0,0.0,0.0,2.0,30.0,1.0,0.0,0.0,0.0,0.0,0.0,0.0,0.1547174006700515,2.3604259341955176,0.07735870033502575,0.34124482423067093,4.667623423039913,0.17062241211533546,0.03053804859519,0.4338824935257428,0.015269024297595,0.956013411283493,14.509996324777601,0.4780067056417465,0.4949572086334228,7.700348138809204,0.2474786043167114,0.022529019974171997,0.3277228148654088,0.011264509987085999
176286,16277,interesting,2,100.0,0.0,0.875,70.0,100.0,0.0,b5qqxt:b5n5ia,LEGACY:TRADING,False,2019-03-26,190.0,26_03_19,0.19887024,18.8926728,0.09943512,1.00544846,95.5176037,0.50272423,0.7956813,75.5897235,0.39784065,0.0,0.0,0.0,2.0,190.0,1.0,0.0,0.0,0.0,0.0,0.0,0.0,0.1646336317062378,15.64019501209259,0.0823168158531189,0.2284825891256332,21.705845966935154,0.1142412945628166,0.0244909897446632,2.326644025743004,0.0122454948723316,0.9984622001647948,94.8539090156555,0.4992311000823974,0.5639547109603882,53.57569754123688,0.2819773554801941,0.0199758987873792,1.897710384801024,0.0099879493936896
176449,16440,internet,3,29.0,0.0,0.7766666666666667,9.0,29.0,0.0,b5scok:b5vgaz:b5ng23,EXCHANGE:GENERAL-NEWS:nan,True,2019-03-26,68.0,26_03_19,0.3621394,7.8605541599999995,0.12071313333333333,1.40744073,31.27834136,0.46914691000000003,1.23041979,28.86110322,0.41013993,0.0,0.0,0.0,2.0,56.0,0.6666666666666666,1.0,12.0,0.3333333333333333,0.4588,5.505599999999999,0.15293333333333334,0.20908059179782862,4.760898157954214,0.0696935305992762,0.48655730485916127,11.904621571302412,0.1621857682863871,0.0434979917481541,0.9789513368159519,0.014499330582718033,1.1698141396045685,23.200924575328827,0.38993804653485614,1.0496480464935303,26.124236226081848,0.3498826821645101,0.0414020689204333,1.0303721167147117,0.013800689640144434
176486,16477,invested,3,20.0,0.0,0.8433333333333333,4.0,20.0,0.0,b5n5ia:b5r2ro:b5q23f,TRADING:News:nan,False,2019-03-26,54.0,26_03_19,0.35363656,6.33779248,0.11787885333333332,1.5267372300000002,27.47198787,0.5089124100000001,1.1196260100000002,20.19021615,0.3732086700000001,0.0,0.0,0.0,3.0,54.0,1.0,0.0,0.0,0.0,0.0,0.0,0.0,0.2271179854869841,4.0980399698019,0.07570599516232802,0.5682483538985252,10.115708135068417,0.18941611796617508,0.0488306023180484,0.8729037828743444,0.016276867439349467,1.4127957224845886,25.472771793603897,0.47093190749486286,0.7079370617866515,12.811864614486693,0.2359790205955505,0.0350700905546544,0.6287085087969864,0.011690030184884799
176430,16421,investment,6,18.0,0.0,0.8833333333333333,4.0,18.0,0.0,b5n5ia:b5u1sd:b5vgle:b5tss4:b5maci:b5q23f,TRADING:FINANCE:nan:nan:nan:nan,True,2019-03-26,82.0,26_03_19,0.77679776,10.21347992,0.12946629333333334,2.71408964,37.55880676000001,0.45234827333333333,2.50911259,34.227713529999996,0.41818543166666666,0.0,0.0,0.0,6.0,82.0,1.0,0.0,0.0,0.0,0.0,0.0,0.0,0.5753088034689425,7.885673683136699,0.09588480057815708,1.3987470194697378,18.234374202787873,0.2331245032449563,0.1014883201569316,1.3956424091011252,0.016914720026155267,2.587768107652664,35.78081640601158,0.43129468460877735,1.2594165652990341,17.640710905194283,0.20990276088317236,0.07727096602320631,1.0627797357737965,0.01287849433720105
176622,16613,investments,2,1.0,0.0,0.5,8.0,1.0,0.0,b5kz41:b5q23f,TRADING:nan,True,2019-03-26,29.0,26_03_19,0.24083119,3.44525638,0.120415595,0.9304576600000001,13.16419238,0.46522883000000004,0.82871112,12.3905514,0.41435556,0.0,0.0,0.0,2.0,29.0,1.0,0.0,0.0,0.0,0.0,0.0,0.0,0.1144945733249186,1.5540982261300065,0.0572472866624593,0.2935568988323211,3.6949994713068,0.14677844941616056,0.021896619582548703,0.26609127642586783,0.010948309791274351,1.2745336592197418,19.744129687547684,0.6372668296098709,0.27986764162778843,3.5467585772275907,0.13993382081389422,0.015650545479729598,0.19392232457175598,0.007825272739864799
176672,16663,investor,2,2.0,0.0,1.0,0.0,2.0,0.0,b5vgle:b5ucu4,nan:Analysis,True,2019-03-26,22.0,26_03_19,0.30598440000000005,3.3658284,0.15299220000000002,0.9241301,10.1654311,0.46206505,0.76988543,8.46873973,0.384942715,0.0,0.0,0.0,2.0,22.0,1.0,0.0,0.0,0.0,0.0,0.0,0.0,0.2564673423767089,2.821140766143798,0.12823367118835444,0.7998178601264954,8.797996461391449,0.3999089300632477,0.0439751148223876,0.48372626304626365,0.0219875574111938,0.7036081254482269,7.739689379930495,0.35180406272411346,0.1652544438838958,1.8177988827228537,0.0826272219419479,0.0308770155534147,0.3396471710875617,0.01543850777670735
176532,16523,io,4,4.0,0.0,0.7675,1.0,4.0,0.0,b5t6x7:b5lkjl:b5tngd:b5q23f,GENERAL-NEWS:FINANCE:nan:nan,True,2019-03-26,45.0,26_03_19,0.4431342,4.98524076,0.11078355,1.91291683,21.49208193,0.4782292075,1.64394882,18.52267566,0.410987205,0.0,0.0,0.0,4.0,45.0,1.0,0.0,0.0,0.0,0.0,0.0,0.0,0.29430972784757603,3.308125860989092,0.07357743196189401,0.6757715567946433,7.636425800621508,0.16894288919866082,0.0578079866245388,0.6505556432530273,0.0144519966561347,1.7039299011230469,18.97701171040535,0.4259824752807617,1.2171884775161743,13.848826855421066,0.3042971193790436,0.050992398522794004,0.579054734669623,0.012748099630698501
176341,16332,ironically,2,59.0,0.0,0.81,78.0,59.0,0.0,b5n5ia:b5wjx4,TRADING:nan,False,2019-03-26,157.0,26_03_19,0.21574366,17.9398458,0.10787183,0.95478046,71.93552011,0.47739023,0.82947605,67.12465755,0.414738025,0.0,0.0,0.0,2.0,157.0,1.0,0.0,0.0,0.0,0.0,0.0,0.0,0.1599049568176269,12.271182954311364,0.07995247840881345,0.3626859262585639,36.45594377070664,0.18134296312928194,0.0328829530626535,3.080633632838723,0.01644147653132675,0.8092899024486542,52.27350562810898,0.4046449512243271,0.599695086479187,49.20261663198471,0.2998475432395935,0.0355411684140562,3.716115263290693,0.0177705842070281
176275,16266,issue,3,99.0,0.0,0.8533333333333334,66.0,99.0,0.0,b5qqxt:b5rh8g:b5q23f,LEGACY:New Coin:nan,True,2019-03-26,195.0,26_03_19,0.33236964,19.777352840000002,0.11078988000000001,1.46292003,97.42437573,0.48764001,1.20471018,77.79826968,0.40157006,0.0,0.0,0.0,3.0,195.0,1.0,0.0,0.0,0.0,0.0,0.0,0.0,0.22359087318181978,15.76793708652258,0.07453029106060659,0.4728328809142112,23.74294493347406,0.15761096030473706,0.043140196241438306,2.459025633521374,0.014380065413812768,1.4701471030712128,97.07686153054236,0.4900490343570709,0.7574348747730255,53.97311583161354,0.2524782915910085,0.032854047603905,1.980116481892757,0.010951349201301667
176385,16376,japan,3,71.0,0.0,0.81,7.0,71.0,0.0,b5q6x3:b5sb3b:b5t8p2,TRADING:EXCHANGE:Exchange,True,2019-03-26,108.0,26_03_19,0.32715517,11.420222939999999,0.10905172333333334,1.4800346,51.8255619,0.49334486666666666,1.19281008,44.754216,0.39760336,0.0,0.0,0.0,3.0,108.0,1.0,0.0,0.0,0.0,0.0,0.0,0.0,0.21592713147401793,6.658705584704867,0.07197571049133931,0.635087952017784,21.392129927873604,0.211695984005928,0.0363128399476407,1.1762195723131224,0.0121042799825469,1.5241280794143677,57.99955326318741,0.5080426931381226,0.5487919300794601,19.492858439683914,0.18293064335982004,0.0397520689293741,1.2805309435352616,0.0132506896431247
176441,16432,join,4,33.0,0.0,0.9075,1.0,33.0,0.0,b5o50a:b5tss4:b5o6xt:b5v924,MEDIA:nan:nan:nan,True,2019-03-26,74.0,26_03_19,0.5118614939999999,9.480302334,0.12796537349999998,1.8979295,35.4953335,0.474482375,1.59020874,29.024356140000002,0.397552185,0.0,0.0,0.0,4.0,74.0,1.0,0.0,0.0,0.0,0.0,0.0,0.0,0.25604999065399153,5.271437227725978,0.06401249766349788,0.6166970282793043,13.272356048226355,0.15417425706982607,0.039543094346299504,0.8571858115028534,0.009885773586574876,2.220425307750702,37.17693895101547,0.5551063269376755,0.8138507530093192,16.233807869255543,0.2034626882523298,0.0534338599536566,1.1882744103204437,0.01335846498841415
176510,16501,join paris,2,31.0,0.0,0.815,1.0,31.0,0.0,b5o50a:b5o6xt,MEDIA:nan,True,2019-03-26,52.0,26_03_19,0.25665506,6.67303156,0.12832753,0.9745406,25.3380556,0.4872703,0.768804,19.988904,0.384402,0.0,0.0,0.0,2.0,52.0,1.0,0.0,0.0,0.0,0.0,0.0,0.0,0.1636591553688048,4.255138039588925,0.0818295776844024,0.4325792491436004,11.24706047773361,0.2162896245718002,0.0281474515795706,0.7318337410688356,0.0140737257897853,0.85015070438385,22.1039183139801,0.425075352191925,0.485429972410202,12.621179282665253,0.242714986205101,0.0400334633886814,1.0408700481057163,0.0200167316943407
176181,16172,just,9,1234.0,0.0,0.7111111111111111,422.0,1234.0,0.0,b5qqxt:b5p598:b5sx10:b5n5ia:b5scok:b5uhbl:b5q23f:b5pzvl:b5ukkn,LEGACY:TRADING:POLITICS:TRADING:EXCHANGE:MEDIA:nan:News:Exchange,False,2019-03-26,1746.0,26_03_19,0.97468728,211.74622548,0.10829858666666667,4.44791403,889.0167697800001,0.4942126700000001,3.5773983500000006,645.23686615,0.3974887055555556,0.0,0.0,0.0,9.0,1746.0,1.0,0.0,0.0,0.0,0.0,0.0,0.0,0.6884339973330493,129.71713553369034,0.07649266637033882,1.6394939944148064,357.9764796346426,0.18216599937942293,0.1310271639376876,29.745419581420677,0.014558573770854177,3.858379825949669,807.6864970177412,0.42870886954996323,2.579730063676834,399.8555967211723,0.28663667374187046,0.10293478891253419,21.01874287333327,0.011437198768059357
176300,16291,key,2,95.0,0.0,0.595,68.0,95.0,0.0,b5qqxt:b5jy60,LEGACY:TRADING,True,2019-03-26,183.0,26_03_19,0.22811888000000002,18.547610640000002,0.11405944000000001,0.92737963,91.06170813,0.463689815,0.8445015,73.39068135,0.42225075,0.0,0.0,0.0,2.0,183.0,1.0,0.0,0.0,0.0,0.0,0.0,0.0,0.2202725112438202,15.731643855571747,0.1101362556219101,0.465740256011486,23.75324890762567,0.232870128005743,0.029944257810711798,2.3063647784292662,0.014972128905355899,0.7845935225486755,88.79286718368529,0.39229676127433777,0.4761946350336075,50.54873514175415,0.23809731751680374,0.023254845291376,1.8671420970931585,0.011627422645688
176305,16296,knew,2,96.0,0.0,0.78,66.0,96.0,0.0,b5qqxt:b5q23f,LEGACY:nan,True,2019-03-26,182.0,26_03_19,0.22653584,18.401513440000002,0.11326792,1.0147307300000001,91.59791483,0.5073653650000001,0.7587333300000001,72.00057063,0.37936666500000005,0.0,0.0,0.0,2.0,182.0,1.0,0.0,0.0,0.0,0.0,0.0,0.0,0.1547174006700515,14.87258194386959,0.07735870033502575,0.34124482423067093,22.032300196588036,0.17062241211533546,0.03053804859519,2.295197714120146,0.015269024297595,0.956013411283493,90.393123537302,0.4780067056417465,0.4949572086334228,50.560906171798706,0.2474786043167114,0.022529019974171997,1.845891122706228,0.011264509987085999
176242,16233,know,8,131.0,0.0,0.825,70.0,131.0,0.0,b5qqxt:b5ims1:b5iplw:b5p052:b5irzj:b5scok:b5of28:b5q23f,LEGACY:FOCUSED-DISCUSSION:SUPPORT:GENERAL-NEWS:GENERAL-NEWS:EXCHANGE:nan:nan,False,2019-03-26,281.0,26_03_19,0.94818936,30.280405920000003,0.11852367,3.8717842300000003,139.06856033000003,0.48397302875000003,3.1800259200000003,111.65102577,0.39750324,0.0,0.0,0.0,8.0,281.0,1.0,0.0,0.0,0.0,0.0,0.0,0.0,0.6476217955350871,22.70697934925556,0.08095272444188589,1.636930488049984,42.755468733608716,0.204616311006248,0.128318767994642,3.9055612366646457,0.01603984599933025,3.6399901509284973,135.5074806213379,0.45499876886606216,1.8530693799257278,73.10368639230728,0.23163367249071595,0.09406918287277159,3.0208215536549545,0.01175864785909645
176499,16490,know traderschat,3,22.0,0.0,0.9,1.0,22.0,0.0,b5iplw:b5irzj:b5of28,SUPPORT:GENERAL-NEWS:nan,True,2019-03-26,53.0,26_03_19,0.38130216,6.73633816,0.12710072,1.5360195,27.1363445,0.5120065,1.08267804,19.12731204,0.36089268,0.0,0.0,0.0,3.0,53.0,1.0,0.0,0.0,0.0,0.0,0.0,0.0,0.21720175445079778,3.8372309952974275,0.0724005848169326,0.6810105890035629,12.031187072396278,0.2270035296678543,0.054877661168575204,0.9695053473114953,0.0182925537228584,1.3703469336032867,24.209462493658066,0.4567823112010956,0.6389395594596861,11.28793221712112,0.21297985315322868,0.0376232117414472,0.6646767407655672,0.0125410705804824
176188,16179,known,2,111.0,0.0,0.78,674.0,111.0,0.0,b5qqxt:b5imxn,LEGACY:FOCUSED-DISCUSSION,False,2019-03-26,805.0,26_03_19,0.16284091,57.20267638000001,0.081420455,0.9978292,399.86239430999996,0.4989146,0.83932993,347.93495467,0.419664965,0.0,0.0,0.0,2.0,805.0,1.0,0.0,0.0,0.0,0.0,0.0,0.0,0.1713651046156883,70.53279058635233,0.08568255230784415,0.2643321827054023,114.69288445264098,0.13216609135270116,0.0215781209990382,8.010864587500688,0.0107890604995191,0.966370701789856,381.53502559661865,0.483185350894928,0.5582173466682434,223.35428220033646,0.2791086733341217,0.0181365851312875,6.874174403957991,0.00906829256564375
176421,16412,kucoin,3,40.0,0.0,0.8633333333333333,15.0,40.0,0.0,b5uygg:b5lgml:b5vcj8,EXCHANGE:Exchange:nan,True,2019-03-26,85.0,26_03_19,0.34790277999999997,10.14342462,0.11596759333333333,1.5351989600000002,43.67981864000001,0.5117329866666668,1.11689836,31.176759779999998,0.3722994533333333,0.0,0.0,0.0,3.0,85.0,1.0,0.0,0.0,0.0,0.0,0.0,0.0,0.2712996676564215,7.301983959972854,0.0904332225521405,0.8316486477851868,23.20475834608078,0.27721621592839557,0.0527899153530597,1.5409145131707165,0.0175966384510199,1.0903905630111694,29.570317029953003,0.36346352100372314,0.7004786133766173,21.81892591714859,0.2334928711255391,0.0533923879265783,1.5630946978926594,0.017797462642192768
176656,16647,largest,2,3.0,0.0,0.835,0.0,3.0,0.0,b5prdc:b5qpbs,GENERAL-NEWS:News,False,2019-03-26,23.0,26_03_19,0.29108208,3.3474439200000004,0.14554104,1.01850926,11.71285649,0.50925463,0.6904086,7.939698900000001,0.3452043,0.0,0.0,0.0,0.0,0.0,0.0,2.0,23.0,1.0,0.9176,10.552399999999999,0.4588,0.1389765292406082,1.598230086266994,0.0694882646203041,0.3040611445903778,3.496703162789345,0.1520305722951889,0.0324561074376106,0.37324523553252187,0.0162280537188053,0.8437952995300292,9.703645944595335,0.4218976497650146,0.6548335552215576,7.530585885047913,0.3274167776107788,0.0258773807436226,0.29758987855165986,0.0129386903718113
176661,16652,largest swiss,2,3.0,0.0,0.835,0.0,3.0,0.0,b5prdc:b5qpbs,GENERAL-NEWS:News,True,2019-03-26,23.0,26_03_19,0.29108208,3.3474439200000004,0.14554104,1.01850926,11.71285649,0.50925463,0.6904086,7.939698900000001,0.3452043,0.0,0.0,0.0,0.0,0.0,0.0,2.0,23.0,1.0,0.9176,10.552399999999999,0.4588,0.1389765292406082,1.598230086266994,0.0694882646203041,0.3040611445903778,3.496703162789345,0.1520305722951889,0.0324561074376106,0.37324523553252187,0.0162280537188053,0.8437952995300292,9.703645944595335,0.4218976497650146,0.6548335552215576,7.530585885047913,0.3274167776107788,0.0258773807436226,0.29758987855165986,0.0129386903718113
176277,16268,launch,7,95.0,0.0,0.7642857142857143,29.0,95.0,0.0,b5q6x3:b5pgkw:b5sb3b:b5lmuv:b5v518:b5q3u1:b5qg84,TRADING:EXCHANGE:EXCHANGE:GENERAL-NEWS:MEDIA:nan:nan,True,2019-03-26,194.0,26_03_19,0.82841591,22.55819035,0.11834513,3.26230318,89.53992317999999,0.4660433114285714,2.9092809199999996,81.90189250999998,0.41561155999999994,0.0,0.0,0.0,6.0,183.0,0.8571428571428571,1.0,11.0,0.14285714285714285,0.4588,5.0468,0.06554285714285714,0.5314306877553461,12.378253538161509,0.07591866967933515,1.3744190037250517,34.93628709018229,0.19634557196072167,0.0912274457514283,2.1431860746815685,0.013032492250204043,3.1067525446414948,96.38389953970909,0.44382179209164213,1.8114752620458603,45.95056493580341,0.25878218029226574,0.08469522371888111,2.2078091744333355,0.012099317674125873
176397,16388,launching,3,38.0,0.0,0.6133333333333333,34.0,38.0,0.0,b5s2c1:b5lcy6:b5vcj8,GENERAL-NEWS:GENERAL-NEWS:nan,False,2019-03-26,102.0,26_03_19,0.38638258999999997,13.54944824,0.12879419666666667,1.5310687300000003,52.30329193,0.5103562433333334,1.0825486,36.1472596,0.3608495333333333,0.0,0.0,0.0,2.0,59.0,0.6666666666666666,1.0,43.0,0.3333333333333333,0.4588,19.7284,0.15293333333333334,0.1769003104418515,7.104858022183176,0.05896677014728383,0.6688021868467331,22.065296068787575,0.22293406228224436,0.0489712599664925,1.7683720961213072,0.016323753322164167,1.3335413336753845,39.76733219623566,0.44451377789179486,0.7254548445343971,29.6464674025774,0.2418182815114657,0.0463300533592699,1.6476720543578187,0.015443351119756634
176621,16612,learn,2,4.0,0.0,0.615,5.0,4.0,0.0,b5x955:b5ng23,EDUCATIONAL:nan,True,2019-03-26,29.0,26_03_19,0.2563056,3.62949,0.1281528,0.95925143,13.76100116,0.479625715,0.78444294,11.60950848,0.39222147,0.0,0.0,0.0,1.0,17.0,0.5,1.0,12.0,0.5,0.4588,5.505599999999999,0.2294,0.14020711928606028,2.0360797047615042,0.07010355964303014,0.35496924817562103,5.274324357509613,0.17748462408781052,0.0308958441019058,0.4440890811383721,0.0154479220509529,0.6556804478168488,9.037079364061356,0.3278402239084244,0.7871703803539276,11.744812577962875,0.3935851901769638,0.0310770412907003,0.46361625008284857,0.01553852064535015
176554,16545,leave,2,9.0,0.0,0.63,7.0,9.0,0.0,b5se8e:b5ng23,GENERAL-NEWS:nan,False,2019-03-26,36.0,26_03_19,0.28999446,5.21337456,0.14499723,1.03909153,18.827141160000004,0.519545765,0.6709139,11.959482000000001,0.33545695,0.0,0.0,0.0,1.0,24.0,0.5,1.0,12.0,0.5,0.4588,5.505599999999999,0.2294,0.15409019589424128,2.864305526018142,0.07704509794712064,0.4214255958795547,8.289847433567045,0.21071279793977735,0.032927177846431704,0.5955156236886971,0.016463588923215852,0.847097635269165,15.267571449279785,0.4235488176345825,0.5202710926532745,8.557504892349243,0.26013554632663727,0.0241882046684621,0.42525262758135474,0.01209410233423105
176237,16228,left,2,149.0,0.0,0.825,140.0,149.0,0.0,b5qqxt:b5wjx4,LEGACY:nan,True,2019-03-26,309.0,26_03_19,0.21574366,33.05398404,0.10787183,0.95478046,148.34960307,0.47739023,0.82947605,127.59643635,0.414738025,0.0,0.0,0.0,2.0,309.0,1.0,0.0,0.0,0.0,0.0,0.0,0.0,0.1599049568176269,24.783338963985436,0.07995247840881345,0.3626859262585639,53.820620544254766,0.18134296312928194,0.0328829530626535,4.941948853433127,0.01644147653132675,0.8092899024486542,128.1566328406334,0.4046449512243271,0.599695086479187,92.06317466497421,0.2998475432395935,0.0355411684140562,5.234283571131512,0.0177705842070281
176636,16627,level,2,4.0,0.0,1.0,0.0,4.0,0.0,b5pzbb:b5x8tw,EXCHANGE:GENERAL-NEWS,True,2019-03-26,24.0,26_03_19,0.22911921000000002,2.70101951,0.11455960500000001,0.91775739,11.05596057,0.458878695,0.85312347,10.24302071,0.426561735,0.0,0.0,0.0,2.0,24.0,1.0,0.0,0.0,0.0,0.0,0.0,0.0,0.1138858087360858,1.3799218200147139,0.0569429043680429,0.3248590677976607,3.9880390614271146,0.16242953389883036,0.0178914824500679,0.2170061180368055,0.00894574122503395,0.7552434056997299,8.713117763400078,0.37762170284986496,0.7661749422550201,9.437208265066147,0.38308747112751007,0.0219452772289513,0.2647067606449109,0.01097263861447565
176323,16314,life,2,96.0,0.0,0.78,66.0,96.0,0.0,b5qqxt:b5q23f,LEGACY:nan,True,2019-03-26,182.0,26_03_19,0.22653584,18.401513440000002,0.11326792,1.0147307300000001,91.59791483,0.5073653650000001,0.7587333300000001,72.00057063,0.37936666500000005,0.0,0.0,0.0,2.0,182.0,1.0,0.0,0.0,0.0,0.0,0.0,0.0,0.1547174006700515,14.87258194386959,0.07735870033502575,0.34124482423067093,22.032300196588036,0.17062241211533546,0.03053804859519,2.295197714120146,0.015269024297595,0.956013411283493,90.393123537302,0.4780067056417465,0.4949572086334228,50.560906171798706,0.2474786043167114,0.022529019974171997,1.845891122706228,0.011264509987085999
176251,16242,like,5,105.0,0.0,0.69,80.0,105.0,0.0,b5qqxt:b5ims1:b5n5ia:b5kz41:b5q23f,LEGACY:FOCUSED-DISCUSSION:TRADING:TRADING:nan,False,2019-03-26,235.0,26_03_19,0.54553523,24.03126998,0.10910704600000001,2.38409542,115.85282487999999,0.476819084,2.07036927,95.1159045,0.414073854,0.0,0.0,0.0,5.0,235.0,1.0,0.0,0.0,0.0,0.0,0.0,0.0,0.34800167754292466,18.296268798410892,0.06960033550858494,0.6536275446414946,27.5062543451786,0.13072550892829893,0.058989756973460206,2.794369664508845,0.01179795139469204,2.7871295511722565,122.8241777718067,0.5574259102344513,1.1063000187277792,61.32209877669811,0.22126000374555582,0.045951471896841796,2.256833151448508,0.00919029437936836
176586,16577,likely,2,2.0,0.0,0.52,10.0,2.0,0.0,b5r0qb:b5ilt3,COMEDY:GENERAL-NEWS,False,2019-03-26,32.0,26_03_19,0.19887024,3.18192384,0.09943512,1.00544846,16.08717536,0.50272423,0.7956813,12.7309008,0.39784065,0.0,0.0,0.0,2.0,32.0,1.0,0.0,0.0,0.0,0.0,0.0,0.0,0.1646336317062378,2.6341381072998047,0.0823168158531189,0.2284825891256332,3.655721426010131,0.1142412945628166,0.0244909897446632,0.3918558359146112,0.0122454948723316,0.9984622001647948,15.975395202636715,0.4992311000823974,0.5639547109603882,9.023275375366211,0.2819773554801941,0.0199758987873792,0.3196143805980672,0.0099879493936896
176585,16576,likely succeed,2,2.0,0.0,0.52,10.0,2.0,0.0,b5r0qb:b5ilt3,COMEDY:GENERAL-NEWS,True,2019-03-26,32.0,26_03_19,0.19887024,3.18192384,0.09943512,1.00544846,16.08717536,0.50272423,0.7956813,12.7309008,0.39784065,0.0,0.0,0.0,2.0,32.0,1.0,0.0,0.0,0.0,0.0,0.0,0.0,0.1646336317062378,2.6341381072998047,0.0823168158531189,0.2284825891256332,3.655721426010131,0.1142412945628166,0.0244909897446632,0.3918558359146112,0.0122454948723316,0.9984622001647948,15.975395202636715,0.4992311000823974,0.5639547109603882,9.023275375366211,0.2819773554801941,0.0199758987873792,0.3196143805980672,0.0099879493936896
176317,16308,list,2,96.0,0.0,0.78,66.0,96.0,0.0,b5qqxt:b5q23f,LEGACY:nan,True,2019-03-26,182.0,26_03_19,0.22653584,18.401513440000002,0.11326792,1.0147307300000001,91.59791483,0.5073653650000001,0.7587333300000001,72.00057063,0.37936666500000005,0.0,0.0,0.0,2.0,182.0,1.0,0.0,0.0,0.0,0.0,0.0,0.0,0.1547174006700515,14.87258194386959,0.07735870033502575,0.34124482423067093,22.032300196588036,0.17062241211533546,0.03053804859519,2.295197714120146,0.015269024297595,0.956013411283493,90.393123537302,0.4780067056417465,0.4949572086334228,50.560906171798706,0.2474786043167114,0.022529019974171997,1.845891122706228,0.011264509987085999
176240,16231,live,4,136.0,0.0,0.7424999999999999,114.0,136.0,0.0,b5qqxt:b5m52p:b5ng23:b5v1yl,LEGACY:PRIVACY:nan:Analysis,False,2019-03-26,290.0,26_03_19,0.43706571000000005,30.29960934,0.10926642750000001,1.9317392299999998,139.91031207,0.48293480749999995,1.63119508,119.79008032,0.40779877,0.0,0.0,0.0,3.0,278.0,0.75,1.0,12.0,0.25,0.4588,5.505599999999999,0.1147,0.3788090646266937,28.008442267775536,0.09470226615667343,0.7678617164492607,52.122142620384686,0.19196542911231518,0.0555049376562237,3.8980352506041465,0.013876234414055924,1.6736307740211487,127.14549320936202,0.41840769350528717,1.0798514038324356,75.71715022623539,0.2699628509581089,0.044342171400785196,3.1087406463920932,0.011085542850196299
176372,16363,ll,4,58.0,0.0,0.8424999999999999,30.0,58.0,0.0,b5ktsr:b5vgle:b5q23f:b5v1yl,COMEDY:nan:nan:Analysis,True,2019-03-26,128.0,26_03_19,0.47789708000000003,13.652759719999999,0.11947427000000001,1.80257003,56.7412054,0.4506425075,1.71953288,57.60603996,0.42988322,0.0,0.0,0.0,4.0,128.0,1.0,0.0,0.0,0.0,0.0,0.0,0.0,0.3235389329493044,8.17477220296859,0.0808847332373261,0.7903082817792892,16.205237045884125,0.1975770704448223,0.054025811376050004,1.0287823434919101,0.013506452844012501,2.120352476835251,83.95092031359673,0.5300881192088127,0.6734029874205587,17.841107755899422,0.16835074685513968,0.0383713704068211,0.799181665293863,0.009592842601705275
176231,16222,long,4,135.0,0.0,0.8099999999999999,164.0,135.0,0.0,b5qqxt:b5p598:b5n5ia:b5q23f,LEGACY:TRADING:TRADING:nan,False,2019-03-26,339.0,26_03_19,0.42540608,34.01282728,0.10635152,2.02017919,170.52561894000002,0.5050447975,1.5544146300000001,134.46155268,0.38860365750000003,0.0,0.0,0.0,4.0,339.0,1.0,0.0,0.0,0.0,0.0,0.0,0.0,0.31935103237628926,27.796322032809258,0.07983775809407231,0.5697274133563042,39.96818344295024,0.14243185333907604,0.055029038339853203,4.217740409076208,0.013757259584963301,1.9544756114482877,168.7724062502384,0.48861890286207194,1.058911919593811,94.83135098218918,0.26472797989845276,0.0425049187615512,3.4139991775154956,0.0106262296903878
176357,16348,long term,2,35.0,0.0,0.745,94.0,35.0,0.0,b5p598:b5q23f,TRADING:nan,True,2019-03-26,149.0,26_03_19,0.22653584,15.12015448,0.11326792,1.0147307300000001,75.00801523999999,0.5073653650000001,0.7587333300000001,58.87182918,0.37936666500000005,0.0,0.0,0.0,2.0,149.0,1.0,0.0,0.0,0.0,0.0,0.0,0.0,0.1547174006700515,12.156127020716667,0.07735870033502575,0.34124482423067093,18.26233747601509,0.17062241211533546,0.03053804859519,1.8910963833332033,0.015269024297595,0.956013411283493,73.91849723458289,0.4780067056417465,0.4949572086334228,41.2556534409523,0.2474786043167114,0.022529019974171997,1.5162887927144713,0.011264509987085999
176580,16571,looking,2,1.0,0.0,0.41,12.0,1.0,0.0,b5tt3c:b5q23f,METRICS:nan,False,2019-03-26,33.0,26_03_19,0.25578448,4.22915064,0.12789224,0.9366619,14.974490300000001,0.46833095,0.8075535300000001,13.79635818,0.40377676500000004,0.0,0.0,0.0,2.0,33.0,1.0,0.0,0.0,0.0,0.0,0.0,0.0,0.2103562802076339,3.831431731581687,0.10517814010381694,0.5785024911165237,10.230015978217125,0.28925124555826187,0.0359913166612386,0.5905908755958068,0.0179956583306193,0.7421447336673737,11.302578717470169,0.37107236683368683,0.4071971327066421,6.615558534860611,0.20359856635332105,0.025807966478168798,0.42982348613440724,0.012903983239084399
176540,16531,lost,2,10.0,0.0,0.53,14.0,10.0,0.0,b5n82d:b5kz41,SUPPORT:TRADING,False,2019-03-26,44.0,26_03_19,0.23892965,5.302327139999999,0.119464825,0.9360717199999999,20.99025544,0.46803585999999997,0.8249987400000001,17.707419719999997,0.41249937000000003,0.0,0.0,0.0,2.0,44.0,1.0,0.0,0.0,0.0,0.0,0.0,0.0,0.1201130189001559,2.7861865833401653,0.06005650945007795,0.3322011977434158,8.104804188013077,0.1661005988717079,0.022658776724710998,0.5602956679649637,0.011329388362355499,1.1385025382041931,23.05905520915985,0.5692512691020966,0.36399459093809117,8.928757056593893,0.18199729546904558,0.0225298528093843,0.5609003738500142,0.01126492640469215
176538,16529,lost money,2,10.0,0.0,0.53,14.0,10.0,0.0,b5n82d:b5kz41,SUPPORT:TRADING,True,2019-03-26,44.0,26_03_19,0.23892965,5.302327139999999,0.119464825,0.9360717199999999,20.99025544,0.46803585999999997,0.8249987400000001,17.707419719999997,0.41249937000000003,0.0,0.0,0.0,2.0,44.0,1.0,0.0,0.0,0.0,0.0,0.0,0.0,0.1201130189001559,2.7861865833401653,0.06005650945007795,0.3322011977434158,8.104804188013077,0.1661005988717079,0.022658776724710998,0.5602956679649637,0.011329388362355499,1.1385025382041931,23.05905520915985,0.5692512691020966,0.36399459093809117,8.928757056593893,0.18199729546904558,0.0225298528093843,0.5609003738500142,0.01126492640469215
176640,16631,low,2,4.0,0.0,0.835,0.0,4.0,0.0,b5rh8g:b5q23f,New Coin:nan,False,2019-03-26,24.0,26_03_19,0.23293452,2.77394732,0.11646726,0.9601958,11.4585324,0.4800979,0.80686953,9.76751853,0.403434765,0.0,0.0,0.0,2.0,24.0,1.0,0.0,0.0,0.0,0.0,0.0,0.0,0.1412740573287009,1.6917615756392466,0.07063702866435045,0.3585915863513946,4.207683563232421,0.1792957931756973,0.0308947013691067,0.3650460103526703,0.01544735068455335,0.9709160029888153,11.708343416452408,0.48545800149440765,0.4754575192928313,5.754988044500349,0.23772875964641565,0.022866098210215402,0.2721771355718354,0.011433049105107701
176366,16357,make,3,65.0,0.0,0.7333333333333334,46.0,65.0,0.0,b5k924:b5q4oi:b5q23f,POLITICS:MEDIA:nan,False,2019-03-26,141.0,26_03_19,0.37721763,17.600880450000002,0.12573921000000002,1.45823845,67.27984115,0.48607948333333334,1.1645439100000001,56.119283089999996,0.3881813033333334,0.0,0.0,0.0,3.0,141.0,1.0,0.0,0.0,0.0,0.0,0.0,0.0,0.2193377502262591,10.440009128302332,0.07311258340875303,0.6275683492422103,28.8646240979433,0.20918944974740342,0.0429517328739165,1.822216786444181,0.0143172442913055,1.3941252529621124,65.61648949980736,0.4647084176540375,0.6761987507343291,32.33231255412101,0.2253995835781097,0.039817997254431,1.9243421768769506,0.013272665751477
176209,16200,march,2,16.0,0.0,0.585,608.0,16.0,0.0,b5imxn:b5nj4y,FOCUSED-DISCUSSION:Sentiment,True,2019-03-26,644.0,26_03_19,0.19208955,41.486108460000004,0.096044775,0.91976037,318.14310498,0.459880185,0.88815013,284.37081202,0.444075065,0.0,0.0,0.0,2.0,644.0,1.0,0.0,0.0,0.0,0.0,0.0,0.0,0.2270039841532707,57.836172029376016,0.11350199207663535,0.5015898495912551,98.67261269688603,0.25079492479562754,0.0270313890650868,6.093872593715787,0.0135156945325434,0.7525020241737366,299.02013170719147,0.3762510120868683,0.4704572707414627,177.0783272087574,0.23522863537073135,0.0214155316352843,5.298904016613933,0.01070776581764215
176200,16191,market,15,423.0,0.0,0.8306666666666668,99.0,423.0,0.0,b5oixc:b5q6x3:b5q1fp:b5neof:b5l56y:b5n5ia:b5o1no:b5vgle:b5sw3i:b5lwd3:b5rh8g:b5q23f:b5pg77:b5qvwb:b5v1yl,TRADING:TRADING:GENERAL-NEWS:GENERAL-NEWS:GENERAL-NEWS:TRADING:GENERAL-NEWS:nan:nan:Technical Analysis:New Coin:nan:Sentiment:nan:Analysis,True,2019-03-26,672.0,26_03_19,1.5716336300000002,68.56984343,0.10477557533333334,7.08596297,311.62343627999996,0.47239753133333334,6.3424033799999995,291.80670901,0.422826892,0.0,0.0,0.0,15.0,672.0,1.0,0.0,0.0,0.0,0.0,0.0,0.0,1.2856559231877325,49.89564077556131,0.08571039487918217,2.9545709341764446,104.74048242717978,0.19697139561176297,0.20730795152485335,8.377880110405362,0.01382053010165689,6.630901634693146,331.93589049577713,0.44206010897954306,3.7432728260755534,169.87855815887448,0.24955152173837022,0.1782907340675583,7.171568240970322,0.011886048937837219
176597,16588,market cap,2,4.0,0.0,0.875,6.0,4.0,0.0,b5o1no:b5lwd3,GENERAL-NEWS:Technical Analysis,True,2019-03-26,30.0,26_03_19,0.2171856,3.24123,0.1085928,0.9569785000000001,14.172877800000002,0.47848925000000003,0.82583588,12.58589166,0.41291794,0.0,0.0,0.0,2.0,30.0,1.0,0.0,0.0,0.0,0.0,0.0,0.0,0.16551379114389408,2.399406328797339,0.08275689557194704,0.4145884662866592,5.764589935541152,0.2072942331433296,0.0294697498902678,0.42924988456070345,0.0147348749451339,0.898953378200531,13.87224268913269,0.4494766891002655,0.4641635715961455,7.144828855991362,0.23208178579807276,0.0273110326379536,0.38968255743384117,0.0136555163189768
176633,16624,market update,2,3.0,0.0,0.675,2.0,3.0,0.0,b5sw3i:b5qvwb,nan:nan,True,2019-03-26,25.0,26_03_19,0.23944832,2.9841444,0.11972416,0.8746522,10.9458232,0.4373261,0.88589949,11.07003252,0.442949745,0.0,0.0,0.0,2.0,25.0,1.0,0.0,0.0,0.0,0.0,0.0,0.0,0.2086745500564575,2.574813455343246,0.10433727502822875,0.5544376373291015,6.856190323829649,0.2772188186645507,0.032366553321480696,0.40306643024086886,0.016183276660740348,0.5191452205181122,6.46352544426918,0.2595726102590561,0.6539708822965622,8.307404190301895,0.3269854411482811,0.0314052468165754,0.3950013127177938,0.0157026234082877
176686,16677,marketing,2,2.0,0.0,0.835,0.0,2.0,0.0,b5ut23:b5rbu9,RELEASE:nan,True,2019-03-26,22.0,26_03_19,0.2522999,2.7752989,0.12614995,1.0296270600000001,11.32589766,0.5148135300000001,0.7180729800000001,7.8988027800000005,0.35903649000000004,0.0,0.0,0.0,2.0,22.0,1.0,0.0,0.0,0.0,0.0,0.0,0.0,0.1504196152091025,1.6546157673001274,0.07520980760455125,0.4926513582468033,5.419164940714836,0.24632567912340164,0.0373472645878791,0.4108199104666701,0.01867363229393955,0.7775335013866425,8.552868515253067,0.38876675069332123,0.5100866556167603,5.610953211784363,0.2550433278083801,0.0319614484906195,0.3515759333968145,0.01598072424530975
176410,16401,marketplace,2,33.0,0.0,0.765,37.0,33.0,0.0,b5m52p:b5wz5s,PRIVACY:RELEASE,True,2019-03-26,90.0,26_03_19,0.24241423,11.327332470000002,0.121207115,0.8431065600000001,38.11351392,0.42155328000000003,0.9144792900000001,40.55915553,0.45723964500000003,0.0,0.0,0.0,2.0,90.0,1.0,0.0,0.0,0.0,0.0,0.0,0.0,0.1800496838986873,10.786363568156956,0.09002484194934365,0.4180523306131362,26.7908314615488,0.2090261653065681,0.0213028287980705,1.3532788141164895,0.01065141439903525,1.1031137704849243,34.733229756355286,0.5515568852424622,0.26110506802797306,15.314953811466692,0.13055253401398653,0.0163763707969336,1.0213444738183095,0.0081881853984668
176643,16634,markets,2,4.0,0.0,1.0,0.0,4.0,0.0,b5it5o:b5rh8g,nan:New Coin,True,2019-03-26,24.0,26_03_19,0.20252956,2.4394927600000003,0.10126478,0.9715664,11.583609,0.4857832,0.82590395,9.97689715,0.412951975,0.0,0.0,0.0,2.0,24.0,1.0,0.0,0.0,0.0,0.0,0.0,0.0,0.1500658616423606,1.7884714230895034,0.0750329308211803,0.3634373545646667,4.260987013578414,0.18171867728233335,0.025019498541951103,0.3004187792539587,0.012509749270975552,1.048812985420227,12.565210223197937,0.5244064927101135,0.39300736784934986,4.848036378622054,0.19650368392467493,0.0196570362895726,0.2368774544447646,0.0098285181447863
176213,16204,mass,2,339.0,0.0,0.78,133.0,339.0,0.0,b5oixc:b5ltrx,TRADING:GENERAL-NEWS,True,2019-03-26,492.0,26_03_19,0.21498675,52.56478295,0.107493375,0.90844266,222.30668054,0.45422133,0.87657058,217.12852532,0.43828529,0.0,0.0,0.0,2.0,492.0,1.0,0.0,0.0,0.0,0.0,0.0,0.0,0.1812162622809409,40.36267674714324,0.09060813114047045,0.37336638569831837,81.15967446565625,0.18668319284915919,0.0352655136957764,7.699378184042855,0.0176327568478882,0.9293234944343567,238.21113687753677,0.46466174721717834,0.4538913965225219,118.55048531293868,0.22694569826126096,0.0269369669258593,6.016663432121238,0.01346848346292965
176447,16438,means,3,28.0,0.0,0.7666666666666666,11.0,28.0,0.0,b5ims1:b5sn89:b5q23f,FOCUSED-DISCUSSION:nan:nan,True,2019-03-26,69.0,26_03_19,0.37738794000000003,9.158492359999999,0.12579598,1.4900327,35.05625010000001,0.4966775666666667,1.13257913,24.78525228,0.3775263766666667,0.0,0.0,0.0,3.0,69.0,1.0,0.0,0.0,0.0,0.0,0.0,0.0,0.2258759886026381,5.451663106679914,0.07529199620087937,0.6279866099357604,15.917038723826405,0.2093288699785868,0.047593825496733105,1.104215666651724,0.015864608498911036,1.3961159884929657,31.109143882989883,0.4653719961643219,0.6683118343353269,14.642302274703976,0.22277061144510898,0.0341156125068662,0.775631818920368,0.011371870835622066
176669,16660,media,2,1.0,0.0,0.55,1.0,1.0,0.0,b5lt26:b5lt42,RELEASE:Tool,True,2019-03-26,22.0,26_03_19,0.22152912,2.43682032,0.11076456,0.8999936,9.8999296,0.4499968,0.87847728,9.663250080000001,0.43923864,0.0,0.0,0.0,2.0,22.0,1.0,0.0,0.0,0.0,0.0,0.0,0.0,0.1414377093315124,1.5558148026466365,0.0707188546657562,0.4058773517608642,4.464650869369506,0.2029386758804321,0.029335580766201,0.322691388428211,0.0146677903831005,0.4675655961036682,5.14322155714035,0.2337827980518341,0.9195072054862976,10.114579260349274,0.4597536027431488,0.036276701837778,0.399043720215558,0.018138350918889
176663,16654,media ethereum,2,1.0,0.0,0.55,1.0,1.0,0.0,b5lt26:b5lt42,RELEASE:Tool,True,2019-03-26,22.0,26_03_19,0.22152912,2.43682032,0.11076456,0.8999936,9.8999296,0.4499968,0.87847728,9.663250080000001,0.43923864,0.0,0.0,0.0,2.0,22.0,1.0,0.0,0.0,0.0,0.0,0.0,0.0,0.1414377093315124,1.5558148026466365,0.0707188546657562,0.4058773517608642,4.464650869369506,0.2029386758804321,0.029335580766201,0.322691388428211,0.0146677903831005,0.4675655961036682,5.14322155714035,0.2337827980518341,0.9195072054862976,10.114579260349274,0.4597536027431488,0.036276701837778,0.399043720215558,0.018138350918889
176207,16198,mentioned,2,17.0,0.0,0.835,608.0,17.0,0.0,b5imxn:b5v924,FOCUSED-DISCUSSION:nan,False,2019-03-26,645.0,26_03_19,0.179847114,41.48012542400001,0.089923557,0.98105112,319.24195863,0.49052556,0.83910182,284.27794146,0.41955091,0.0,0.0,0.0,2.0,645.0,1.0,0.0,0.0,0.0,0.0,0.0,0.0,0.13114227727055539,56.91964894905685,0.06557113863527769,0.2166442573070525,95.88971014320848,0.10832212865352625,0.0129366919863969,5.956529688788578,0.00646834599319845,1.2848909497261047,305.1617723107338,0.6424454748630524,0.343127779662609,175.87192008644342,0.1715638898313045,0.011258110636845101,5.200439281528788,0.0056290553184225505
176370,16361,microsoft,2,89.0,0.0,0.925,22.0,89.0,0.0,b5rx7m:b5sn89,MEDIA:nan,True,2019-03-26,131.0,26_03_19,0.25580522,15.97735384,0.12790261,1.0386261,67.5353886,0.51931305,0.7055686299999999,47.48725687,0.35278431499999996,0.0,0.0,0.0,2.0,131.0,1.0,0.0,0.0,0.0,0.0,0.0,0.0,0.181242249906063,12.154269471764557,0.0906211249530315,0.5523954331874847,36.50162744522095,0.27619771659374237,0.0335667263716459,2.2025798130780445,0.01678336318582295,0.8100196719169617,52.10735148191452,0.40500983595848083,0.3945402204990386,26.049926817417138,0.1972701102495193,0.0282355193048714,1.9842340461909669,0.0141177596524357
176369,16360,million,3,86.0,0.0,0.6733333333333333,22.0,86.0,0.0,b5rx7m:b5t3rb:b5t1vf,MEDIA:Fundamentals:Sentiment,False,2019-03-26,138.0,26_03_19,0.37235986,16.252219840000002,0.12411995333333332,1.4805673000000001,67.31502640000001,0.4935224333333334,1.14707283,54.432756319999996,0.38235760999999996,0.0,0.0,0.0,3.0,138.0,1.0,0.0,0.0,0.0,0.0,0.0,0.0,0.3710672855377196,15.34597319364547,0.12368909517923987,1.0876567363739014,43.42706960439682,0.3625522454579671,0.0557449143379926,2.4032538458704926,0.0185816381126642,0.9951110184192657,48.62737566232681,0.33170367280642193,0.4438622742891311,26.00411038100719,0.14795409142971036,0.0465577272698281,2.1922116493806136,0.015519242423276033
176313,16304,mind,2,96.0,0.0,0.945,66.0,96.0,0.0,b5qqxt:b5vgle,LEGACY:nan,True,2019-03-26,182.0,26_03_19,0.27309522,18.91366662,0.13654761,0.87973163,90.11292473,0.439865815,0.84717313,72.97340843,0.423586565,0.0,0.0,0.0,2.0,182.0,1.0,0.0,0.0,0.0,0.0,0.0,0.0,0.2023128867149353,15.396132290363312,0.10115644335746765,0.46090178936719894,23.348526813089844,0.23045089468359947,0.0350420605391263,2.3447418455034454,0.01752103026956315,0.8779103159904479,89.53398948907851,0.43895515799522394,0.3992727100849151,49.50837668776512,0.19963635504245755,0.0245601385831832,1.8682334274053511,0.0122800692915916
176676,16667,minutes,2,1.0,0.0,0.625,1.0,1.0,0.0,b5vgle:b5ukkn,nan:Exchange,True,2019-03-26,22.0,26_03_19,0.26401420000000003,2.9041562,0.13200710000000002,0.85732204,9.43054244,0.42866102,0.87866375,9.665301249999999,0.439331875,0.0,0.0,0.0,2.0,22.0,1.0,0.0,0.0,0.0,0.0,0.0,0.0,0.1835850328207015,2.0194353610277167,0.09179251641035074,0.553955152630806,6.093506678938866,0.276977576315403,0.032896471209824,0.361861183308064,0.016448235604912,0.5813993662595748,6.395393028855322,0.2906996831297874,0.6219373047351836,6.84131035208702,0.3109686523675918,0.0262265447527169,0.28849199227988587,0.01311327237635845
176454,16445,mobile,3,28.0,0.0,0.88,9.0,28.0,0.0,b5sn89:b5mzul:b5v924,nan:Tool:nan,True,2019-03-26,67.0,26_03_19,0.372246544,8.906823403999999,0.12408218133333333,1.52457225,34.72160625,0.50819075,1.10318117,23.371567560000003,0.36772705666666666,0.0,0.0,0.0,3.0,67.0,1.0,0.0,0.0,0.0,0.0,0.0,0.0,0.22333623841404898,5.3692794479429695,0.07444541280468299,0.6189488023519516,16.008683785796162,0.20631626745065054,0.0371707922313362,0.9771543692331751,0.012390264077112067,1.627771019935608,32.24113982915878,0.542590339978536,0.46142800897359826,11.659249581396576,0.15380933632453275,0.0313449942041186,0.7444878944661412,0.010448331401372865
176224,16215,momentum,2,274.0,0.0,0.75,63.0,274.0,0.0,b5oixc:b5mzul,TRADING:Tool,True,2019-03-26,357.0,26_03_19,0.2171856,37.8599186,0.1085928,0.9569785000000001,160.8519787,0.47848925000000003,0.82583588,158.28808597,0.41291794,0.0,0.0,0.0,2.0,357.0,1.0,0.0,0.0,0.0,0.0,0.0,0.0,0.16551379114389408,24.97656553238629,0.08275689557194704,0.4145884662866592,49.09670917689798,0.2072942331433296,0.0294697498902678,4.558683074079441,0.0147348749451339,0.898953378200531,181.73533189296722,0.4494766891002655,0.4641635715961455,92.8534421622753,0.23208178579807276,0.0273110326379536,3.7792885471135076,0.0136555163189768
176469,16460,monero,2,31.0,0.0,0.76,9.0,31.0,0.0,b5q23f:b5vcj8,nan:nan,True,2019-03-26,60.0,26_03_19,0.2522999,7.5328677399999995,0.12614995,1.0296270600000001,30.995478939999998,0.5148135300000001,0.7180729800000001,21.47165418,0.35903649000000004,0.0,0.0,0.0,2.0,60.0,1.0,0.0,0.0,0.0,0.0,0.0,0.0,0.1504196152091025,4.619338922202584,0.07520980760455125,0.4926513582468033,15.513782426714897,0.24632567912340164,0.0373472645878791,1.1348989233374567,0.01867363229393955,0.7775335013866425,20.74141374230385,0.38876675069332123,0.5100866556167603,16.90101170539856,0.2550433278083801,0.0319614484906195,1.0895502939820243,0.01598072424530975
176258,16249,money,6,70.0,0.0,0.6,93.0,70.0,0.0,b5n82d:b5n5ia:b5kz41:b5wjx4:b5q23f:b5ukkn,SUPPORT:TRADING:TRADING:nan:nan:Exchange,True,2019-03-26,223.0,26_03_19,0.67212813,25.634175960000004,0.112021355,2.88317332,103.84130809,0.48052888666666665,2.44469874,93.52454072,0.40744979000000003,0.0,0.0,0.0,6.0,223.0,1.0,0.0,0.0,0.0,0.0,0.0,0.0,0.4160075224936005,16.553254552185525,0.06933458708226675,1.1291853114962576,49.338028021156774,0.18819755191604293,0.0839341890532522,3.9532463527284514,0.013989031508875366,2.6072949022054672,82.58708791434765,0.43454915036757785,1.6813114807009695,66.02521352469921,0.28021858011682826,0.0822664473671462,4.543165324721469,0.013711074561191033
176553,16544,month,3,5.0,0.0,0.61,2.0,5.0,0.0,b5sb3b:b5q23f:b5pzvl,EXCHANGE:nan:News,True,2019-03-26,37.0,26_03_19,0.32268834,3.9363547800000003,0.10756278000000001,1.5106015000000002,18.710124900000004,0.5035338333333333,1.16671002,14.353518620000001,0.38890334,0.0,0.0,0.0,3.0,37.0,1.0,0.0,0.0,0.0,0.0,0.0,0.0,0.24541233479976643,3.0243052393197996,0.08180411159992214,0.7357296347618103,9.020423173904419,0.2452432115872701,0.0474208695814012,0.5712989689782244,0.015806956527133733,1.2649473547935486,16.053138077259064,0.4216491182645162,0.6712483763694761,7.905850946903227,0.22374945878982536,0.0352414250373839,0.42498371005058133,0.011747141679127967
176543,16534,moving,2,18.0,0.0,0.7150000000000001,5.0,18.0,0.0,b5sz2g:b5q23f,GENERAL-NEWS:nan,False,2019-03-26,43.0,26_03_19,0.24274309,5.09866376,0.121371545,1.0162000400000002,21.76626478,0.5081000200000001,0.74105668,16.13506748,0.37052834,0.0,0.0,0.0,2.0,43.0,1.0,0.0,0.0,0.0,0.0,0.0,0.0,0.1017936002463101,1.7369829267263386,0.05089680012315505,0.4781273156404495,10.532999977469444,0.23906365782022476,0.0319810491055249,0.6392499431967704,0.01599052455276245,1.0476748049259186,23.933165222406387,0.5238374024629593,0.31391111761331547,5.572578847408293,0.15695555880665774,0.0265120556578039,0.5850232988595944,0.01325602782890195
176466,16457,multivac,2,31.0,0.0,0.925,9.0,31.0,0.0,b5lgml:b5vcj8,Exchange:nan,True,2019-03-26,60.0,26_03_19,0.23655098,7.35962962,0.11827549,1.02640976,30.960088640000002,0.51320488,0.73703933,21.68028403,0.368519665,0.0,0.0,0.0,2.0,60.0,1.0,0.0,0.0,0.0,0.0,0.0,0.0,0.1746593490242957,4.8859759941697085,0.08732967451214785,0.5486482381820679,16.129748106002808,0.27432411909103394,0.035922313109040205,1.1192244570702288,0.017961156554520102,0.7055708765983582,19.94982486963272,0.3527854382991791,0.4987927079200744,16.776778280735016,0.2493963539600372,0.036406382918357696,1.1384445726871444,0.018203191459178848
176340,16331,nano,2,59.0,0.0,0.81,78.0,59.0,0.0,b5n5ia:b5wjx4,TRADING:nan,True,2019-03-26,157.0,26_03_19,0.21574366,17.9398458,0.10787183,0.95478046,71.93552011,0.47739023,0.82947605,67.12465755,0.414738025,0.0,0.0,0.0,2.0,157.0,1.0,0.0,0.0,0.0,0.0,0.0,0.0,0.1599049568176269,12.271182954311364,0.07995247840881345,0.3626859262585639,36.45594377070664,0.18134296312928194,0.0328829530626535,3.080633632838723,0.01644147653132675,0.8092899024486542,52.27350562810898,0.4046449512243271,0.599695086479187,49.20261663198471,0.2998475432395935,0.0355411684140562,3.716115263290693,0.0177705842070281
176428,16419,national,2,27.0,0.0,0.74,36.0,27.0,0.0,b5q4oi:b5ims1,MEDIA:FOCUSED-DISCUSSION,False,2019-03-26,83.0,26_03_19,0.2171856,9.1539114,0.1085928,0.9569785000000001,41.259905200000006,0.47848925000000003,0.82583588,32.58618461,0.41291794,0.0,0.0,0.0,2.0,83.0,1.0,0.0,0.0,0.0,0.0,0.0,0.0,0.16551379114389408,7.576876908540721,0.08275689557194704,0.4145884662866592,21.06643635034561,0.2072942331433296,0.0294697498902678,1.3317637126892794,0.0147348749451339,0.898953378200531,34.00905805826187,0.4494766891002655,0.4641635715961455,17.712598323822018,0.23208178579807276,0.0273110326379536,1.3032627776265082,0.0136555163189768
176426,16417,national currency,2,27.0,0.0,0.74,36.0,27.0,0.0,b5q4oi:b5ims1,MEDIA:FOCUSED-DISCUSSION,True,2019-03-26,83.0,26_03_19,0.2171856,9.1539114,0.1085928,0.9569785000000001,41.259905200000006,0.47848925000000003,0.82583588,32.58618461,0.41291794,0.0,0.0,0.0,2.0,83.0,1.0,0.0,0.0,0.0,0.0,0.0,0.0,0.16551379114389408,7.576876908540721,0.08275689557194704,0.4145884662866592,21.06643635034561,0.2072942331433296,0.0294697498902678,1.3317637126892794,0.0147348749451339,0.898953378200531,34.00905805826187,0.4494766891002655,0.4641635715961455,17.712598323822018,0.23208178579807276,0.0273110326379536,1.3032627776265082,0.0136555163189768
176272,16263,need,5,66.0,0.0,0.792,82.0,66.0,0.0,b5n5ia:b5iq8c:b5wjx4:b5wwli:b5q23f,TRADING:GENERAL-NEWS:nan:FINANCE:nan,True,2019-03-26,198.0,26_03_19,0.5481133,22.391392800000006,0.10962266000000001,2.41770049,92.04943428,0.48354009800000003,2.03418623,83.55919473,0.406837246,0.0,0.0,0.0,5.0,198.0,1.0,0.0,0.0,0.0,0.0,0.0,0.0,0.38349582999944665,15.389217086136334,0.07669916599988932,0.835518807172775,42.571035817265496,0.16710376143455502,0.0760231493040918,3.653139750473197,0.015204629860818362,2.279437005519867,72.4389725625515,0.4558874011039734,1.3571299612522125,59.790219098329544,0.2714259922504425,0.0683952160179612,4.157413382083164,0.013679043203592239
176183,16174,needs,2,1086.0,0.0,0.96,242.0,1086.0,0.0,b5uhbl:b5rbu9,MEDIA:nan,True,2019-03-26,1348.0,26_03_19,0.25420144,171.33177056,0.12710072,1.024013,690.1847620000001,0.5120065,0.72178536,486.48333264,0.36089268,0.0,0.0,0.0,2.0,1348.0,1.0,0.0,0.0,0.0,0.0,0.0,0.0,0.1448011696338652,97.59598833322514,0.0724005848169326,0.4540070593357086,306.0007579922676,0.2270035296678543,0.0365851074457168,24.658362418413127,0.0182925537228584,0.9135646224021912,615.7425554990768,0.4567823112010956,0.4259597063064574,287.0968420505523,0.2129798531532287,0.0250821411609648,16.905363142490277,0.0125410705804824
176634,16625,network,2,2.0,0.0,0.57,3.0,2.0,0.0,b5rlek:b5uacv,TRADING:MEDIA,True,2019-03-26,25.0,26_03_19,0.22211636,2.7767481199999997,0.11105818,0.958786,12.0142212,0.479393,0.81909767,10.20903107,0.409548835,0.0,0.0,0.0,2.0,25.0,1.0,0.0,0.0,0.0,0.0,0.0,0.0,0.167359173297882,2.10495039820671,0.083679586648941,0.485939085483551,6.114269435405731,0.2429695427417755,0.031535392627120004,0.3952923137694595,0.015767696313560002,0.6186024844646454,7.808049499988556,0.3093012422323227,0.6614395081996918,8.138960003852844,0.3307197540998459,0.0351243559271096,0.4384782761335358,0.0175621779635548
176185,16176,new,9,295.0,0.0,0.74,686.0,295.0,0.0,b5ijx7:b5imxn:b5pgkw:b5n5ia:b5wzhh:b5m4s1:b5q23f:b5t1vf:b5v924,MEDIA:FOCUSED-DISCUSSION:EXCHANGE:TRADING:POLITICS:News:nan:Sentiment:nan,False,2019-03-26,1071.0,26_03_19,1.030979084,89.07140485400001,0.11455323155555555,4.40717843,513.45959787,0.4896864922222222,3.56184243,468.4690087700001,0.39576027,0.0,0.0,0.0,8.0,1057.0,0.8888888888888888,1.0,14.0,0.1111111111111111,0.4588,6.4232,0.050977777777777775,0.6638946980237956,86.15264903008935,0.07376607755819951,1.59917851537466,156.08990433067078,0.17768650170829559,0.1110968312714246,11.251087155891566,0.012344092363491621,4.618761301040649,522.5190839469433,0.5131957001156278,1.9130187556147575,285.27486211806536,0.21255763951275083,0.09404992521740431,9.712452421663263,0.010449991690822702
176208,16199,newest,2,17.0,0.0,0.67,608.0,17.0,0.0,b5imxn:b5qg84,FOCUSED-DISCUSSION:nan,False,2019-03-26,645.0,26_03_19,0.20894683000000003,41.80022230000001,0.10447341500000001,1.0043596,319.49835191,0.5021798,0.78669358,283.70145082,0.39334679,0.0,0.0,0.0,1.0,634.0,0.5,1.0,11.0,0.5,0.4588,5.0468,0.2294,0.15853655338287348,57.22098598629235,0.07926827669143674,0.3021214604377746,96.82995937764642,0.1510607302188873,0.0255606798455119,6.095393555238843,0.01278033992275595,0.8890372514724731,300.80738162994385,0.4445186257362366,0.6036567687988281,178.73773896694183,0.30182838439941406,0.0210873261094092,5.308560651726993,0.0105436630547046
176285,16276,news,4,71.0,0.0,0.5775,79.0,71.0,0.0,b5sz2g:b5wjx4:b5nj4y:b5t1vf,GENERAL-NEWS:nan:Sentiment:Sentiment,True,2019-03-26,190.0,26_03_19,0.49295897000000005,22.36121496,0.12323974250000001,1.9280278700000002,88.23573402000001,0.48200696750000005,1.5790132,79.40307119999999,0.3947533,0.0,0.0,0.0,4.0,190.0,1.0,0.0,0.0,0.0,0.0,0.0,0.0,0.38140812329947926,14.392009615898122,0.09535203082486982,1.3042247444391248,50.367883592843995,0.3260561861097812,0.0732032656669615,3.674774203449482,0.018300816416740376,1.5112426280975342,67.79958784580231,0.37781065702438354,0.6608253642916679,49.49661102890968,0.16520634107291698,0.0690959263592956,4.269132969900953,0.0172739815898239
176616,16607,number,2,4.0,0.0,0.62,5.0,4.0,0.0,b5w6mp:b5q23f,GENERAL-NEWS:nan,True,2019-03-26,29.0,26_03_19,0.22653584,3.1879400799999997,0.11326792,1.0147307300000001,14.68110764,0.5073653650000001,0.7587333300000001,11.13095118,0.37936666500000005,0.0,0.0,0.0,2.0,29.0,1.0,0.0,0.0,0.0,0.0,0.0,0.0,0.1547174006700515,2.2781091183423987,0.07735870033502575,0.34124482423067093,4.553382128477097,0.17062241211533546,0.03053804859519,0.4216369986534112,0.015269024297595,0.956013411283493,14.010765224695204,0.4780067056417465,0.4949572086334228,7.41837078332901,0.2474786043167114,0.022529019974171997,0.3177348654717192,0.011264509987085999
176642,16633,offer,2,4.0,0.0,0.835,0.0,4.0,0.0,b5pzbb:b5q23f,EXCHANGE:nan,True,2019-03-26,24.0,26_03_19,0.21745482,2.57271122,0.10872741,0.99232114,11.87616182,0.49616057,0.79022395,9.551125990000001,0.395111975,0.0,0.0,0.0,2.0,24.0,1.0,0.0,0.0,0.0,0.0,0.0,0.0,0.1359895467758177,1.6230629384517647,0.06799477338790885,0.4342981874942779,5.191869378089904,0.21714909374713895,0.028392459265887703,0.3325168630108233,0.014196229632943851,0.6595024615526199,7.659967377781867,0.32975123077630997,0.7176218032836914,8.90312373638153,0.3588109016418457,0.0241954261437057,0.2894583987072093,0.01209771307185285
176558,16549,online,3,4.0,0.0,0.7266666666666666,1.0,4.0,0.0,b5prdc:b5qpbs:b5ng23,GENERAL-NEWS:News:nan,True,2019-03-26,35.0,26_03_19,0.43662312000000003,5.0939364000000005,0.14554104,1.5277638900000001,17.82391205,0.50925463,1.0356129,12.082150500000001,0.3452043,0.0,0.0,0.0,0.0,0.0,0.0,3.0,35.0,1.0,1.3763999999999998,16.058,0.45879999999999993,0.20846479386091227,2.432089261710643,0.0694882646203041,0.4560917168855667,5.321070030331612,0.1520305722951889,0.0486841611564159,0.5679818801581855,0.0162280537188053,1.2656929492950437,14.76641774177551,0.4218976497650146,0.9822503328323364,11.459587216377258,0.3274167776107788,0.0388160711154339,0.4528541630133954,0.0129386903718113
176659,16650,online retailer,2,3.0,0.0,0.835,0.0,3.0,0.0,b5prdc:b5qpbs,GENERAL-NEWS:News,True,2019-03-26,23.0,26_03_19,0.29108208,3.3474439200000004,0.14554104,1.01850926,11.71285649,0.50925463,0.6904086,7.939698900000001,0.3452043,0.0,0.0,0.0,0.0,0.0,0.0,2.0,23.0,1.0,0.9176,10.552399999999999,0.4588,0.1389765292406082,1.598230086266994,0.0694882646203041,0.3040611445903778,3.496703162789345,0.1520305722951889,0.0324561074376106,0.37324523553252187,0.0162280537188053,0.8437952995300292,9.703645944595335,0.4218976497650146,0.6548335552215576,7.530585885047913,0.3274167776107788,0.0258773807436226,0.29758987855165986,0.0129386903718113
176497,16488,option,2,24.0,0.0,0.765,9.0,24.0,0.0,b5sn89:b5nwfo,nan:nan,True,2019-03-26,53.0,26_03_19,0.25028722000000003,7.23121544,0.12514361000000002,0.9780262000000001,27.183232100000005,0.48901310000000003,0.77168645,18.58554855,0.385843225,0.0,0.0,0.0,2.0,53.0,1.0,0.0,0.0,0.0,0.0,0.0,0.0,0.1534754037857055,4.310889311134813,0.07673770189285276,0.4009830802679061,12.762059614062307,0.20049154013395304,0.029301271773874704,0.8399868374690401,0.014650635886937352,0.9393336772918701,23.513870000839233,0.46966683864593506,0.4553319811820983,10.987135559320448,0.22766599059104914,0.0215745419263838,0.5860549043863966,0.0107872709631919
176396,16387,options,3,47.0,0.0,0.77,25.0,47.0,0.0,b5jrkl:b5sn89:b5q23f,GENERAL-NEWS:nan:nan,True,2019-03-26,102.0,26_03_19,0.370446,12.3108527,0.123482,1.5170613000000002,51.170898400000006,0.5056871000000001,1.11249252,38.51824444,0.37083084,0.0,0.0,0.0,3.0,102.0,1.0,0.0,0.0,0.0,0.0,0.0,0.0,0.24882187694311128,8.848836228251454,0.08294062564770376,0.7732753604650497,27.378593370318413,0.2577584534883499,0.0517026428133248,1.7214185874909114,0.01723421427110827,1.1554680466651917,36.283806562423706,0.3851560155550639,0.7335729897022245,26.50186187028884,0.2445243299007415,0.037158930674195095,1.265480320900673,0.012386310224731698
176276,16267,org,3,97.0,0.0,0.6900000000000001,67.0,97.0,0.0,b5qqxt:b5q23f:b5ng23,LEGACY:nan:nan,True,2019-03-26,194.0,26_03_19,0.37207688,20.148005920000003,0.12402562666666667,1.5239853600000002,97.70897038999999,0.50799512,1.1039376300000001,76.14302223,0.36797921000000006,0.0,0.0,0.0,2.0,182.0,0.6666666666666666,1.0,12.0,0.3333333333333333,0.4588,5.505599999999999,0.15293333333333334,0.22420566529035557,15.70644111931324,0.07473522176345186,0.49327539652585983,23.856667064130303,0.16442513217528662,0.0467661023139953,2.48993435874581,0.015588700771331766,1.3779110610485077,95.45589533448218,0.45930368701616925,0.8223739862442017,54.48990750312805,0.27412466208140057,0.0354677103459833,2.0011554071679636,0.011822570115327766
176420,16411,owner,2,31.0,0.0,0.76,34.0,31.0,0.0,b5s2c1:b5sn89,GENERAL-NEWS:nan,True,2019-03-26,85.0,26_03_19,0.28999446,12.325308360000001,0.14499723,1.03909153,44.15109889,0.519545765,0.6709139,28.5235881,0.33545695,0.0,0.0,0.0,1.0,42.0,0.5,1.0,43.0,0.5,0.4588,19.7284,0.2294,0.15409019589424128,6.541276492178438,0.07704509794712064,0.4214255958795547,17.85190559923649,0.21071279793977735,0.032927177846431704,1.3991695232689367,0.016463588923215852,0.847097635269165,35.999998331069946,0.4235488176345825,0.5202710926532745,22.17880266904831,0.26013554632663727,0.0241882046684621,1.0288432864472195,0.01209410233423105
176416,16407,paris,4,48.0,0.0,0.7825,1.0,48.0,0.0,b5o50a:b5lvct:b5u1sd:b5o6xt,MEDIA:PRIVACY:FINANCE:nan,True,2019-03-26,89.0,26_03_19,0.47657257,10.74069969,0.1191431425,1.88479076,42.18281184,0.47119769,1.63863637,36.07648039,0.4096590925,0.0,0.0,0.0,4.0,89.0,1.0,0.0,0.0,0.0,0.0,0.0,0.0,0.3467207998037336,7.6625904291868165,0.0866801999509334,0.8772962540388106,19.49374489486217,0.21932406350970265,0.0654786080121992,1.4264579229056786,0.0163696520030498,1.4991233050823212,34.20061492919922,0.3747808262705803,1.1365973055362701,24.533605009317398,0.28414932638406754,0.07478375360369668,1.6829872112721178,0.01869593840092417
176412,16403,paris blockchain,4,48.0,0.0,0.7825,1.0,48.0,0.0,b5o50a:b5lvct:b5u1sd:b5o6xt,MEDIA:PRIVACY:FINANCE:nan,True,2019-03-26,89.0,26_03_19,0.47657257,10.74069969,0.1191431425,1.88479076,42.18281184,0.47119769,1.63863637,36.07648039,0.4096590925,0.0,0.0,0.0,4.0,89.0,1.0,0.0,0.0,0.0,0.0,0.0,0.0,0.3467207998037336,7.6625904291868165,0.0866801999509334,0.8772962540388106,19.49374489486217,0.21932406350970265,0.0654786080121992,1.4264579229056786,0.0163696520030498,1.4991233050823212,34.20061492919922,0.3747808262705803,1.1365973055362701,24.533605009317398,0.28414932638406754,0.07478375360369668,1.6829872112721178,0.01869593840092417
176624,16615,partners,2,7.0,0.0,0.9,1.0,7.0,0.0,b5wz5s:b5x8tw,RELEASE:GENERAL-NEWS,True,2019-03-26,28.0,26_03_19,0.25249558,3.4598342,0.12624779,0.85589391,11.925539969999999,0.427946955,0.89161064,12.614627680000002,0.44580532,0.0,0.0,0.0,2.0,28.0,1.0,0.0,0.0,0.0,0.0,0.0,0.0,0.0923908352851867,1.2688631191849695,0.04619541764259335,0.1841177791357039,2.424615785479544,0.09205888956785195,0.0113956427667289,0.1469764655921597,0.00569782138336445,1.3702746033668518,19.979528725147247,0.6851373016834259,0.32842078059911717,4.013955317437647,0.16421039029955858,0.0134003965649752,0.1660612116102104,0.0067001982824876
176254,16245,pay,5,93.0,0.0,0.716,87.0,93.0,0.0,b5ltrx:b5kz41:b5t3rb:b5rh8g:b5q23f,GENERAL-NEWS:TRADING:Fundamentals:New Coin:nan,True,2019-03-26,230.0,26_03_19,0.5845016999999999,26.103551969999998,0.11690033999999998,2.2635557200000003,104.12996451999999,0.45271114400000007,2.1519425500000002,99.76648937,0.43038851000000006,0.0,0.0,0.0,5.0,230.0,1.0,0.0,0.0,0.0,0.0,0.0,0.0,0.43366653099656083,24.568801164627065,0.08673330619931216,1.0184222459793089,55.13907472789287,0.20368444919586176,0.0748608962167053,4.497012491803611,0.014972179243341061,2.4892195761203766,99.42028275132179,0.49784391522407534,0.9279763177037237,43.05408796668053,0.18559526354074474,0.0558544083032753,3.320735578890873,0.01117088166065506
176394,16385,payment,3,47.0,0.0,0.7466666666666667,25.0,47.0,0.0,b5jrkl:b5sn89:b5nwfo,GENERAL-NEWS:nan:nan,True,2019-03-26,102.0,26_03_19,0.34917908,12.07691658,0.11639302666666666,1.4532441,50.468909200000006,0.48441470000000003,1.19757669,39.454170309999995,0.39919223,0.0,0.0,0.0,3.0,102.0,1.0,0.0,0.0,0.0,0.0,0.0,0.0,0.24529476463794697,8.810037992894648,0.08176492154598232,0.6778598874807358,26.32902316749096,0.22595329582691193,0.0460122367367147,1.6588241206482002,0.015337412245571566,1.2128194272518158,36.91467174887657,0.4042731424172719,0.7830708026885984,27.046337813138955,0.26102360089619947,0.0349428877234457,1.2411038484424297,0.011647629241148566
176490,16481,payment option,2,24.0,0.0,0.765,9.0,24.0,0.0,b5sn89:b5nwfo,nan:nan,True,2019-03-26,53.0,26_03_19,0.25028722000000003,7.23121544,0.12514361000000002,0.9780262000000001,27.183232100000005,0.48901310000000003,0.77168645,18.58554855,0.385843225,0.0,0.0,0.0,2.0,53.0,1.0,0.0,0.0,0.0,0.0,0.0,0.0,0.1534754037857055,4.310889311134813,0.07673770189285276,0.4009830802679061,12.762059614062307,0.20049154013395304,0.029301271773874704,0.8399868374690401,0.014650635886937352,0.9393336772918701,23.513870000839233,0.46966683864593506,0.4553319811820983,10.987135559320448,0.22766599059104914,0.0215745419263838,0.5860549043863966,0.0107872709631919
176409,16400,payment options,2,46.0,0.0,0.8200000000000001,25.0,46.0,0.0,b5jrkl:b5sn89,GENERAL-NEWS:nan,True,2019-03-26,91.0,26_03_19,0.24334528,10.91274478,0.12167264,1.0050548000000001,45.538826900000004,0.5025274000000001,0.7515998399999999,34.54842496,0.37579991999999995,0.0,0.0,0.0,2.0,91.0,1.0,0.0,0.0,0.0,0.0,0.0,0.0,0.17642129212617869,8.052429795265196,0.08821064606308934,0.5462718307971954,24.881554543972015,0.2731359153985977,0.0334100890904664,1.5202004965394689,0.0167050445452332,0.6986857354640961,31.259201139211655,0.34934286773204803,0.5205931365489959,24.159083485603325,0.26029656827449793,0.0246178600937127,1.1275285445153667,0.01230893004685635
176379,16370,payments,5,52.0,0.0,0.8420000000000002,19.0,52.0,0.0,b5prdc:b5wz5s:b5t3rb:b5sn89:b5qpbs,GENERAL-NEWS:RELEASE:Fundamentals:nan:News,True,2019-03-26,121.0,26_03_19,0.67794973,16.36657219,0.13558994600000002,2.39145272,57.64123661000001,0.47829054400000004,1.93059749,46.99218873,0.386119498,0.0,0.0,0.0,3.0,98.0,0.6,2.0,23.0,0.4,0.9176,10.552399999999999,0.18352,0.4036281444132327,11.247381124645468,0.08072562888264653,0.9915084987878797,29.651160925626748,0.19830169975757594,0.0704580603633075,1.8261293231043936,0.0140916120726615,2.372109055519104,52.592952728271484,0.4744218111038208,1.1087929382920265,24.342033423483368,0.2217585876584053,0.053503265837207,1.3403394923079657,0.0107006531674414
176654,16645,payments nan,2,3.0,0.0,0.835,0.0,3.0,0.0,b5prdc:b5qpbs,GENERAL-NEWS:News,True,2019-03-26,23.0,26_03_19,0.29108208,3.3474439200000004,0.14554104,1.01850926,11.71285649,0.50925463,0.6904086,7.939698900000001,0.3452043,0.0,0.0,0.0,0.0,0.0,0.0,2.0,23.0,1.0,0.9176,10.552399999999999,0.4588,0.1389765292406082,1.598230086266994,0.0694882646203041,0.3040611445903778,3.496703162789345,0.1520305722951889,0.0324561074376106,0.37324523553252187,0.0162280537188053,0.8437952995300292,9.703645944595335,0.4218976497650146,0.6548335552215576,7.530585885047913,0.3274167776107788,0.0258773807436226,0.29758987855165986,0.0129386903718113
176229,16220,people,4,173.0,0.0,0.8075,140.0,173.0,0.0,b5qqxt:b5ltrx:b5n5ia:b5mzul,LEGACY:GENERAL-NEWS:TRADING:Tool,True,2019-03-26,353.0,26_03_19,0.41937499,36.715387549999996,0.1048437475,1.97449102,171.21840314000002,0.493622755,1.60613406,145.06621569,0.401533515,0.0,0.0,0.0,4.0,353.0,1.0,0.0,0.0,0.0,0.0,0.0,0.0,0.3736167401075362,33.732235148549066,0.09340418502688405,0.7532613277435303,61.69282272458075,0.18831533193588257,0.0640219580382108,5.939631998538965,0.0160054895095527,1.798471689224243,162.10466521978375,0.44961792230606074,0.9570543467998505,84.91994604468346,0.23926358669996262,0.053573843091726095,4.610693410038931,0.013393460772931524
176547,16538,platform,3,6.0,0.0,0.65,2.0,6.0,0.0,b5ralx:b5lkjl:b5rh8g,EXCHANGE:FINANCE:New Coin,True,2019-03-26,38.0,26_03_19,0.34403403,4.41233726,0.11467801,1.38835628,17.480625930000002,0.46278542666666667,1.2676097,16.107037,0.42253656666666667,0.0,0.0,0.0,3.0,38.0,1.0,0.0,0.0,0.0,0.0,0.0,0.0,0.20148713514208788,2.5049959719181056,0.06716237838069596,0.363393761217594,4.613200716674326,0.12113125373919799,0.0326392194256185,0.4076104396954159,0.0108797398085395,1.5658880472183228,19.910605669021606,0.5219626824061075,0.8059880137443542,10.175422459840775,0.2686626712481181,0.030603898689150602,0.3881657058373066,0.0102012995630502
176471,16462,platforms,2,27.0,0.0,0.815,11.0,27.0,0.0,b5ims1:b5sn89,FOCUSED-DISCUSSION:nan,True,2019-03-26,58.0,26_03_19,0.25028722000000003,7.760384439999999,0.12514361000000002,0.9780262000000001,29.424178600000005,0.48901310000000003,0.77168645,20.8154328,0.385843225,0.0,0.0,0.0,2.0,58.0,1.0,0.0,0.0,0.0,0.0,0.0,0.0,0.1534754037857055,4.655256673693655,0.07673770189285276,0.4009830802679061,13.419999897480007,0.20049154013395304,0.029301271773874704,0.9029975757002816,0.014650635886937352,0.9393336772918701,26.084538459777832,0.46966683864593506,0.4553319811820983,12.29952389001846,0.22766599059104914,0.0215745419263838,0.6376800425350616,0.0107872709631919
176652,16643,play,2,2.0,0.0,0.5900000000000001,1.0,2.0,0.0,b5q23f:b5ng23,nan:nan,True,2019-03-26,23.0,26_03_19,0.27264176,3.1446004,0.13632088,1.02126113,11.74312706,0.510630565,0.7060969800000001,8.112271080000001,0.35304849000000005,0.0,0.0,0.0,1.0,11.0,0.5,1.0,12.0,0.5,0.4588,5.505599999999999,0.2294,0.14188884943723667,1.6302656084299076,0.07094442471861834,0.3790341019630432,4.321405693888664,0.1895170509815216,0.0345206074416637,0.39595473557710603,0.01726030372083185,0.8786799609661102,10.087377220392227,0.4393399804830551,0.5403966307640076,6.271779716014862,0.2701983153820038,0.0254797609522937,0.293216060847042,0.01273988047614685
176579,16570,pleased,2,12.0,0.0,0.66,1.0,12.0,0.0,b5ralx:b5u1sd,EXCHANGE:FINANCE,False,2019-03-26,33.0,26_03_19,0.24791806,4.01661759,0.12395903,0.89769611,14.869012340000001,0.448848055,0.8543859300000001,14.11437167,0.42719296500000004,0.0,0.0,0.0,2.0,33.0,1.0,0.0,0.0,0.0,0.0,0.0,0.0,0.1626396365463733,2.838668860495089,0.08131981827318666,0.3593427389860152,6.239689990878103,0.1796713694930076,0.0304549429565667,0.5396860316395743,0.01522747147828335,0.9677130579948425,15.62393182516098,0.48385652899742126,0.4529467225074768,7.298322767019272,0.2264733612537384,0.026902860961854298,0.4596997499465917,0.013451430480927149
176578,16569,pleased announce,2,12.0,0.0,0.66,1.0,12.0,0.0,b5ralx:b5u1sd,EXCHANGE:FINANCE,True,2019-03-26,33.0,26_03_19,0.24791806,4.01661759,0.12395903,0.89769611,14.869012340000001,0.448848055,0.8543859300000001,14.11437167,0.42719296500000004,0.0,0.0,0.0,2.0,33.0,1.0,0.0,0.0,0.0,0.0,0.0,0.0,0.1626396365463733,2.838668860495089,0.08131981827318666,0.3593427389860152,6.239689990878103,0.1796713694930076,0.0304549429565667,0.5396860316395743,0.01522747147828335,0.9677130579948425,15.62393182516098,0.48385652899742126,0.4529467225074768,7.298322767019272,0.2264733612537384,0.026902860961854298,0.4596997499465917,0.013451430480927149
176533,16524,point,2,14.0,0.0,0.755,11.0,14.0,0.0,b5q23f:b5v1yl,nan:Analysis,True,2019-03-26,45.0,26_03_19,0.19050651000000002,3.55390478,0.09525325500000001,1.00711147,22.465640479999998,0.503555735,0.80238196,18.980455,0.40119098,0.0,0.0,0.0,2.0,45.0,1.0,0.0,0.0,0.0,0.0,0.0,0.0,0.161448873579502,3.824048250913618,0.080724436789751,0.37709441781044,7.600129023194311,0.18854720890522,0.027625179849565,0.5185273792594668,0.0138125899247825,0.9239219129085541,20.90735188126564,0.46196095645427704,0.489219844341278,11.734938085079193,0.244609922170639,0.0206897063180803,0.415005391463635,0.01034485315904015
176279,16270,post,3,80.0,0.0,0.8966666666666666,83.0,80.0,0.0,b5pzbb:b5wjx4:b5sn89,EXCHANGE:nan:nan,True,2019-03-26,193.0,26_03_19,0.35111606,23.292225460000004,0.11703868666666667,1.46220777,90.88099986,0.48740259,1.18667627,78.82679490999999,0.3955587566666667,0.0,0.0,0.0,3.0,193.0,1.0,0.0,0.0,0.0,0.0,0.0,0.0,0.22577903419733028,15.087101072072972,0.07525967806577676,0.7251343131065366,48.2947807163,0.24171143770217887,0.04743648786097761,3.6806312156841123,0.015812162620325868,0.9379789382219315,63.28187607228756,0.31265964607397717,1.0152139961719513,58.50527346134186,0.33840466539065045,0.048457088880240695,4.150330447591827,0.01615236296008023
176666,16657,practically,2,1.0,0.0,0.46,1.0,1.0,0.0,b5q23f:b5ukkn,nan:Exchange,False,2019-03-26,22.0,26_03_19,0.21745482,2.3920030199999998,0.10872741,0.99232114,10.915532540000001,0.49616057,0.79022395,8.69246345,0.395111975,0.0,0.0,0.0,2.0,22.0,1.0,0.0,0.0,0.0,0.0,0.0,0.0,0.1359895467758177,1.4958850145339946,0.06799477338790885,0.4342981874942779,4.7772800624370575,0.21714909374713895,0.028392459265887703,0.3123170519247647,0.014196229632943851,0.6595024615526199,7.254527077078819,0.32975123077630997,0.7176218032836914,7.8938398361206055,0.3588109016418457,0.0241954261437057,0.2661496875807627,0.01209771307185285
176519,16510,predictions,3,20.0,0.0,0.6833333333333332,0.0,20.0,0.0,b5qdif:b5it5o:b5t1vf,GENERAL-NEWS:nan:Sentiment,True,2019-03-26,50.0,26_03_19,0.35770382,6.118725400000001,0.11923460666666667,1.4951552000000001,23.543381699999998,0.4983850666666667,1.1471409,20.33789225,0.38238029999999995,0.0,0.0,0.0,3.0,50.0,1.0,0.0,0.0,0.0,0.0,0.0,0.0,0.3556193560361861,6.258544161915778,0.11853978534539537,1.0365056246519089,17.27538581192493,0.3455018748839696,0.0512946629896759,0.8616404766216856,0.017098220996558635,1.1449706256389618,17.40627157688141,0.38165687521298725,0.3727060705423355,7.547718718647957,0.12423535684744517,0.0389037309214471,0.6504403399303522,0.012967910307149033
176467,16458,pretty,2,23.0,0.0,0.7849999999999999,17.0,23.0,0.0,b5n82d:b5v1yl,SUPPORT:Analysis,False,2019-03-26,60.0,26_03_19,0.18860496999999998,5.41097554,0.09430248499999999,1.01272553,30.29170354,0.506362765,0.79866958,24.297323319999997,0.39933479,0.0,0.0,0.0,2.0,60.0,1.0,0.0,0.0,0.0,0.0,0.0,0.0,0.1670673191547393,5.0561366081237775,0.08353365957736965,0.4157387167215347,12.009933739900587,0.20786935836076734,0.0283873369917273,0.8127317707985626,0.01419366849586365,0.7878907918930054,24.222277402877808,0.3939453959465027,0.5733467936515808,17.116936564445496,0.2866733968257904,0.027569013647735,0.7819834407418932,0.0137845068238675
176334,16325,price,11,50.0,0.0,0.6763636363636364,10.0,50.0,0.0,b5qdif:b5qr7r:b5nuw3:b5rlek:b5scok:b5kz41:b5qpai:b5rh8g:b5q23f:b5nj4y:b5t1vf,GENERAL-NEWS:MEDIA:TRADING:TRADING:EXCHANGE:TRADING:Technicals:New Coin:nan:Sentiment:Sentiment,True,2019-03-26,170.0,26_03_19,1.33900645,20.702692780000003,0.1217278590909091,4.94723276,75.29892448,0.4497484327272728,4.713760659999999,73.99838172999999,0.4285236963636363,0.0,0.0,0.0,11.0,170.0,1.0,0.0,0.0,0.0,0.0,0.0,0.0,1.1492101214826105,18.042616039514538,0.10447364740751003,2.970323860645294,45.67297559976577,0.2700294418768449,0.1714410691056397,2.6020479681901576,0.015585551736876336,4.288324862718582,66.84884998202324,0.3898477147925984,2.2836220636963844,34.77132095396519,0.20760200579058036,0.1370782575104377,2.062193494755761,0.012461659773676154
176546,16537,price predictions,2,19.0,0.0,0.525,0.0,19.0,0.0,b5qdif:b5t1vf,GENERAL-NEWS:Sentiment,True,2019-03-26,39.0,26_03_19,0.26100806,5.055072040000001,0.13050403,0.9717781,17.7862336,0.48588905,0.7672138,16.15869415,0.3836069,0.0,0.0,0.0,2.0,39.0,1.0,0.0,0.0,0.0,0.0,0.0,0.0,0.27442696690559376,5.365427881479262,0.13721348345279688,0.8046563267707824,14.72504353523254,0.4023281633853912,0.038877312093973104,0.7250496167689549,0.019438656046986552,0.6102913320064545,11.524799346923828,0.30514566600322723,0.2421763688325882,6.111891999840736,0.1210881844162941,0.0295717222616075,0.5477882446721165,0.01478586113080375
176587,16578,price trends,2,4.0,0.0,0.49,8.0,4.0,0.0,b5nuw3:b5kz41,TRADING:TRADING,True,2019-03-26,32.0,26_03_19,0.24241423,3.8487210999999997,0.121207115,0.8431065600000001,13.47729648,0.42155328000000003,0.9144792900000001,14.67398382,0.45723964500000003,0.0,0.0,0.0,2.0,32.0,1.0,0.0,0.0,0.0,0.0,0.0,0.0,0.1800496838986873,2.689071528613566,0.09002484194934365,0.4180523306131362,6.118946105241774,0.2090261653065681,0.0213028287980705,0.3126558666117482,0.01065141439903525,1.1031137704849243,18.714598178863525,0.5515568852424622,0.26110506802797306,3.923022106289862,0.13055253401398653,0.0163763707969336,0.2417070907540592,0.0081881853984668
176650,16641,prime,2,2.0,0.0,0.7849999999999999,1.0,2.0,0.0,b5rlek:b5ucu4,TRADING:Analysis,True,2019-03-26,23.0,26_03_19,0.24308886000000002,2.78474202,0.12154443000000001,0.9971194999999999,11.4183113,0.49855974999999997,0.7597915900000001,8.79694613,0.37989579500000004,0.0,0.0,0.0,2.0,23.0,1.0,0.0,0.0,0.0,0.0,0.0,0.0,0.2071901261806487,2.3498102426528917,0.10359506309032435,0.656096041202545,7.419995129108427,0.3280480206012725,0.0358463395386934,0.4089775253087279,0.0179231697693467,0.5587117075920105,6.37961158156395,0.27935585379600525,0.5077126920223236,6.0445932149887085,0.2538563460111618,0.0344431772828101,0.3970133010298001,0.01722158864140505
176299,16290,privacy,2,96.0,0.0,0.7,67.0,96.0,0.0,b5qqxt:b5ng23,LEGACY:nan,True,2019-03-26,183.0,26_03_19,0.24497616,18.749898,0.12248808,1.0119788600000001,92.07689889,0.5059894300000001,0.74304495,72.17320275,0.371522475,0.0,0.0,0.0,1.0,171.0,0.5,1.0,12.0,0.5,0.4588,5.505599999999999,0.2294,0.151805080473423,14.91003468632698,0.0759025402367115,0.2662718668580055,21.359628237783905,0.13313593342900276,0.028473548591136898,2.2887162677943675,0.014236774295568449,0.921128749847412,90.43128991127013,0.460564374923706,0.6093941330909729,52.147129118442535,0.30469706654548645,0.022926639765500897,1.8632036307826572,0.011463319882750449
176327,16318,private,2,77.0,0.0,0.845,83.0,77.0,0.0,b5wjx4:b5sn89,nan:nan,False,2019-03-26,180.0,26_03_19,0.26076196,22.117622160000003,0.13038098,0.98189313,84.63690954,0.490946565,0.7573449999999999,73.2454884,0.37867249999999997,0.0,0.0,0.0,2.0,180.0,1.0,0.0,0.0,0.0,0.0,0.0,0.0,0.1621900722384452,14.260444566607466,0.0810950361192226,0.5178396552801131,45.59995016455649,0.25891982764005655,0.0373365823179483,3.5493324436247313,0.01866829115897415,0.7352587878704071,60.64651411771774,0.36762939393520355,0.5105720460414886,51.94492810964584,0.2552860230207443,0.0368027333170174,3.998823825269924,0.0184013666585087
176339,16330,probably,2,39.0,0.0,0.84,98.0,39.0,0.0,b5p598:b5n5ia,TRADING:TRADING,False,2019-03-26,157.0,26_03_19,0.19887024,15.611313840000001,0.09943512,1.00544846,78.92770411,0.50272423,0.7956813,62.46098205,0.39784065,0.0,0.0,0.0,2.0,157.0,1.0,0.0,0.0,0.0,0.0,0.0,0.0,0.1646336317062378,12.923740088939667,0.0823168158531189,0.2284825891256332,17.935883246362206,0.1142412945628166,0.0244909897446632,1.9225426949560611,0.0122454948723316,0.9984622001647948,78.37928271293639,0.4992311000823974,0.5639547109603882,44.27044481039047,0.2819773554801941,0.0199758987873792,1.5681080548092672,0.0099879493936896
176552,16543,problem,2,12.0,0.0,0.875,5.0,12.0,0.0,b5n5ia:b5scok,TRADING:EXCHANGE,True,2019-03-26,37.0,26_03_19,0.20526892000000002,3.79427568,0.10263446000000001,0.95091353,17.61916777,0.475456765,0.8438175,15.586555650000001,0.42190875,0.0,0.0,0.0,2.0,37.0,1.0,0.0,0.0,0.0,0.0,0.0,0.0,0.15119028836488718,2.8037420064210883,0.07559514418244359,0.2458293512463569,4.53916961699724,0.12291467562317845,0.0248476425185799,0.4595030602067698,0.01242382125928995,1.0133647918701172,18.739797353744507,0.5066823959350586,0.5444550216197968,10.082167744636536,0.2722275108098984,0.0203129770234226,0.3756215358152964,0.0101564885117113
176326,16317,process,5,87.0,0.0,0.898,43.0,87.0,0.0,b5ktsr:b5n5ia:b5sn89:b5rh8g:b5v1yl,COMEDY:TRADING:nan:New Coin:Analysis,True,2019-03-26,180.0,26_03_19,0.5268586000000001,19.67654102,0.10537172000000002,2.39430656,84.59342357,0.478861312,2.07883482,75.73003779999999,0.415766964,0.0,0.0,0.0,5.0,180.0,1.0,0.0,0.0,0.0,0.0,0.0,0.0,0.36693449690937974,12.071064747869961,0.07338689938187595,0.7318686321377752,25.090753100812428,0.14637372642755503,0.054483458632603204,1.6746575655415632,0.01089669172652064,2.7234557271003723,108.78837180137634,0.5446911454200745,1.0804371163249014,31.077741116285317,0.21608742326498026,0.0428206019569185,1.2974118059500919,0.008564120391383701
176445,16436,product,4,25.0,0.0,0.8200000000000001,6.0,25.0,0.0,b5n5ia:b5k6za:b5nhlj:b5k8el,TRADING:ADOPTION:Strategy:Strategy,True,2019-03-26,71.0,26_03_19,0.43323186,7.675077440000001,0.108307965,1.84076611,32.74448629,0.4601915275,1.72600197,30.580435230000003,0.4315004925,0.0,0.0,0.0,4.0,71.0,1.0,0.0,0.0,0.0,0.0,0.0,0.0,0.2485439032316208,4.4452890157699585,0.0621359758079052,0.4041481465101242,7.195636697113514,0.10103703662753105,0.0482583194971084,0.8568866960704316,0.0120645798742771,2.255276918411255,39.92351841926575,0.5638192296028137,1.0053867846727371,17.89666652679443,0.2513466961681843,0.0383860021829604,0.6820039534941296,0.0095965005457401
176501,16492,product sales,3,20.0,0.0,0.8066666666666666,2.0,20.0,0.0,b5k6za:b5nhlj:b5k8el,ADOPTION:Strategy:Strategy,True,2019-03-26,52.0,26_03_19,0.33379674000000004,5.7858101600000005,0.11126558000000002,1.33804188,23.19272592,0.44601396,1.32816132,23.021462879999998,0.44272044,0.0,0.0,0.0,3.0,52.0,1.0,0.0,0.0,0.0,0.0,0.0,0.0,0.1662270873785019,2.8812695145606995,0.0554090291261673,0.2899068519473076,5.025052100419998,0.0966356173157692,0.0360128246247768,0.6242222934961312,0.0120042748749256,1.7560458183288574,30.438127517700195,0.5853486061096191,0.7234094291925428,12.539096772670742,0.24113647639751426,0.0283980527892708,0.4922329150140272,0.0094660175964236
176203,16194,profit,3,18.0,0.0,0.7799999999999999,608.0,18.0,0.0,b5imxn:b5q23f:b5v924,FOCUSED-DISCUSSION:nan:nan,True,2019-03-26,656.0,26_03_19,0.30694783400000003,42.87823334400001,0.10231594466666667,1.4930576199999999,324.87403013,0.4976858733333333,1.1999944999999999,288.24776094000003,0.3999981666666666,0.0,0.0,0.0,3.0,656.0,1.0,0.0,0.0,0.0,0.0,0.0,0.0,0.203542862087488,57.71605538204311,0.06784762069582934,0.4436477869749068,98.38674896955487,0.14788259565830228,0.031229245709255303,6.157747779740021,0.010409748569751768,1.7416732609272003,310.18637773394585,0.5805577536424001,0.5561076328158377,178.21469847112894,0.18536921093861258,0.0237991812173275,5.3383910579140945,0.007933060405775834
176235,16226,project,8,151.0,0.0,0.7949999999999999,87.0,151.0,0.0,b5qqxt:b5pyy8:b5lcy6:b5vgle:b5tss4:b5q23f:b5vcj8:b5v1yl,LEGACY:GENERAL-NEWS:GENERAL-NEWS:nan:nan:nan:nan:Analysis,True,2019-03-26,318.0,26_03_19,0.94904219,33.50768093000001,0.11863027374999999,3.7942892500000003,157.2077536,0.47428615625000003,3.25666844,127.28456618000001,0.40708355500000004,0.0,0.0,0.0,8.0,318.0,1.0,0.0,0.0,0.0,0.0,0.0,0.0,0.5903441254049537,25.336651422083374,0.07379301567561922,1.6039202883839607,50.53319499641657,0.20049003604799506,0.1158041711896654,4.28418745752423,0.014475521398708176,3.7801328599452972,148.94163796305656,0.47251660749316216,1.8105412796139717,85.19975464046001,0.22631765995174646,0.09925715718418311,3.704572905786321,0.012407144648022887
176610,16601,projects,2,6.0,0.0,0.765,4.0,6.0,0.0,b5n5ia:b5q23f,TRADING:nan,True,2019-03-26,30.0,26_03_19,0.22653584,3.2873752,0.11326792,1.0147307300000001,15.18383187,0.5073653650000001,0.7587333300000001,11.528791830000001,0.37936666500000005,0.0,0.0,0.0,2.0,30.0,1.0,0.0,0.0,0.0,0.0,0.0,0.0,0.1547174006700515,2.3604259341955176,0.07735870033502575,0.34124482423067093,4.667623423039913,0.17062241211533546,0.03053804859519,0.4338824935257428,0.015269024297595,0.956013411283493,14.509996324777601,0.4780067056417465,0.4949572086334228,7.700348138809204,0.2474786043167114,0.022529019974171997,0.3277228148654088,0.011264509987085999
176296,16287,proof,2,97.0,0.0,0.8200000000000001,68.0,97.0,0.0,b5qqxt:b5qhwp,LEGACY:MINING-STAKING,True,2019-03-26,185.0,26_03_19,0.21316559000000002,18.5956321,0.10658279500000001,0.9211753899999999,91.82415956999999,0.46058769499999996,0.8656590900000001,74.58020931,0.43282954500000004,0.0,0.0,0.0,2.0,185.0,1.0,0.0,0.0,0.0,0.0,0.0,0.0,0.1244108043611049,14.665491349995134,0.06220540218055245,0.18079466372728342,20.467008538544174,0.09039733186364171,0.0158495607320219,2.144436545204368,0.00792478036601095,1.3169824481010437,96.817036986351,0.6584912240505219,0.34886514395475376,49.15455682575703,0.17443257197737688,0.0130974242929368,1.7514719949103823,0.0065487121464684
176590,16581,protocol,2,10.0,0.0,0.755,1.0,10.0,0.0,b5wz5s:b5mzul,RELEASE:Tool,True,2019-03-26,31.0,26_03_19,0.22508227,3.4923431899999997,0.112541135,0.9272403600000001,14.23671852,0.46362018000000005,0.84767747,13.2709399,0.423838735,0.0,0.0,0.0,2.0,31.0,1.0,0.0,0.0,0.0,0.0,0.0,0.0,0.1387343071401118,2.068562265485523,0.0693671535700559,0.3495537787675857,5.0934130102396,0.17477688938379285,0.020471668103709803,0.2974155510310081,0.010235834051854902,1.2025710344314575,19.289248526096344,0.6012855172157288,0.26857369393110264,3.9606950804591157,0.13428684696555132,0.020095479907467798,0.29066514340229077,0.010047739953733899
176288,16279,public,2,102.0,0.0,0.89,67.0,102.0,0.0,b5qqxt:b5scok,LEGACY:EXCHANGE,True,2019-03-26,189.0,26_03_19,0.20526892000000002,18.90841392,0.10263446000000001,0.95091353,94.03325072999999,0.475456765,0.8438175,76.05833445,0.42190875,0.0,0.0,0.0,2.0,189.0,1.0,0.0,0.0,0.0,0.0,0.0,0.0,0.15119028836488718,15.315898016095161,0.07559514418244359,0.2458293512463569,21.903846390545365,0.12291467562317845,0.0248476425185799,2.320818280801173,0.01242382125928995,1.0133647918701172,94.6229245662689,0.5066823959350586,0.5444550216197968,52.94272577762604,0.2722275108098984,0.0203129770234226,1.8937898436561156,0.0101564885117113
176480,16471,questions,4,9.0,0.0,0.5425,7.0,9.0,0.0,b5n5ia:b5ralx:b5ng23:b5ukkn,TRADING:EXCHANGE:nan:Exchange,True,2019-03-26,56.0,26_03_19,0.47409537,6.5723664,0.1185238425,1.92973625,27.070475469999998,0.4824340625,1.5961684200000001,22.35715872,0.39904210500000004,0.0,0.0,0.0,3.0,44.0,0.75,1.0,12.0,0.25,0.4588,5.505599999999999,0.1147,0.2656908892095088,3.8015131130814543,0.0664227223023772,0.5911309346556661,7.9210944399237615,0.14778273366391653,0.0463650310412048,0.6475820848718267,0.0115912577603012,1.676372155547142,24.513409927487373,0.4190930388867855,1.375569075345993,18.499094426631927,0.34389226883649826,0.0448719169944522,0.6173061374574863,0.01121797924861305
176316,16307,quite,2,96.0,0.0,0.78,66.0,96.0,0.0,b5qqxt:b5q23f,LEGACY:nan,False,2019-03-26,182.0,26_03_19,0.22653584,18.401513440000002,0.11326792,1.0147307300000001,91.59791483,0.5073653650000001,0.7587333300000001,72.00057063,0.37936666500000005,0.0,0.0,0.0,2.0,182.0,1.0,0.0,0.0,0.0,0.0,0.0,0.0,0.1547174006700515,14.87258194386959,0.07735870033502575,0.34124482423067093,22.032300196588036,0.17062241211533546,0.03053804859519,2.295197714120146,0.015269024297595,0.956013411283493,90.393123537302,0.4780067056417465,0.4949572086334228,50.560906171798706,0.2474786043167114,0.022529019974171997,1.845891122706228,0.011264509987085999
176474,16465,rakuten,4,9.0,0.0,0.8125,9.0,9.0,0.0,b5sb3b:b5pn54:b5m4s1:b5t8p2,EXCHANGE:EXCHANGE:News:Exchange,False,2019-03-26,58.0,26_03_19,0.42385092999999996,6.23752326,0.10596273249999999,2.0034117,29.1120605,0.500852925,1.5727371800000003,22.650412680000002,0.3931842950000001,0.0,0.0,0.0,4.0,58.0,1.0,0.0,0.0,0.0,0.0,0.0,0.0,0.2971195206046102,4.409468494355675,0.07427988015115256,0.8669372498989104,12.673282206058502,0.2167343124747276,0.048730190843343506,0.7214696360751952,0.012182547710835876,2.058807373046875,29.36516362428665,0.5147018432617188,0.6793216317892073,10.08525076508522,0.16983040794730184,0.0490840775892137,0.7453660359606128,0.012271019397303426
176641,16632,rates,2,4.0,0.0,0.835,0.0,4.0,0.0,b5rh8g:b5q23f,New Coin:nan,True,2019-03-26,24.0,26_03_19,0.23293452,2.77394732,0.11646726,0.9601958,11.4585324,0.4800979,0.80686953,9.76751853,0.403434765,0.0,0.0,0.0,2.0,24.0,1.0,0.0,0.0,0.0,0.0,0.0,0.0,0.1412740573287009,1.6917615756392466,0.07063702866435045,0.3585915863513946,4.207683563232421,0.1792957931756973,0.0308947013691067,0.3650460103526703,0.01544735068455335,0.9709160029888153,11.708343416452408,0.48545800149440765,0.4754575192928313,5.754988044500349,0.23772875964641565,0.022866098210215402,0.2721771355718354,0.011433049105107701
176602,16593,rating,2,4.0,0.0,0.7849999999999999,6.0,4.0,0.0,b5w6mp:b5pja2,GENERAL-NEWS:nan,True,2019-03-26,30.0,26_03_19,0.21019968,3.1190068799999997,0.10509984,0.95272103,14.44899774,0.476360515,0.83707929,12.43199538,0.418539645,0.0,0.0,0.0,2.0,30.0,1.0,0.0,0.0,0.0,0.0,0.0,0.0,0.1530356705188751,2.3303289413452144,0.07651783525943755,0.3171799704432487,4.491607412695884,0.15858998522162435,0.0269132852554321,0.3964323922991748,0.01345664262771605,0.7330138981342316,11.791553378105162,0.3665069490671158,0.7417309582233429,10.59263563156128,0.37086547911167145,0.028126300312578602,0.3974433001130808,0.014063150156289301
176495,16486,reach,2,24.0,0.0,0.965,9.0,24.0,0.0,b5it5o:b5sn89,nan:nan,True,2019-03-26,53.0,26_03_19,0.24114918000000002,7.130697,0.12057459000000001,1.053214,28.010297900000005,0.526607,0.7056367,17.8590013,0.35281835,0.0,0.0,0.0,2.0,53.0,1.0,0.0,0.0,0.0,0.0,0.0,0.0,0.16579432040452952,4.4463973939418775,0.08289716020226476,0.5012443214654922,13.864933267235754,0.2506221607327461,0.029116475023329202,0.8379540732130396,0.014558237511664601,0.9598792791366577,23.739871621131897,0.47993963956832886,0.323384016752243,9.53570795059204,0.1616920083761215,0.0205815229564904,0.5751316957175692,0.0102907614782452
176402,16393,real,6,25.0,0.0,0.77,8.0,25.0,0.0,b5l56y:b5n5ia:b5o0bu:b5scok:b5lkjl:b5rh8g,GENERAL-NEWS:TRADING:MEDIA:EXCHANGE:FINANCE:New Coin,False,2019-03-26,93.0,26_03_19,0.6505734,10.03514252,0.1084289,2.83527166,44.247244,0.4725452766666667,2.51415488,38.71761265,0.41902581333333333,0.0,0.0,0.0,6.0,93.0,1.0,0.0,0.0,0.0,0.0,0.0,0.0,0.5369765907526015,8.192856840789316,0.08949609845876692,1.1261580735445023,17.38446432352066,0.18769301225741705,0.0842616502195595,1.307768623344598,0.014043608369926583,2.6969116926193237,42.0358202457428,0.44948528210322064,1.4848132282495499,22.960453778505325,0.247468871374925,0.0708788549527522,1.1186371892690596,0.011813142492125367
176550,16541,real world,2,12.0,0.0,0.875,5.0,12.0,0.0,b5n5ia:b5scok,TRADING:EXCHANGE,True,2019-03-26,37.0,26_03_19,0.20526892000000002,3.79427568,0.10263446000000001,0.95091353,17.61916777,0.475456765,0.8438175,15.586555650000001,0.42190875,0.0,0.0,0.0,2.0,37.0,1.0,0.0,0.0,0.0,0.0,0.0,0.0,0.15119028836488718,2.8037420064210883,0.07559514418244359,0.2458293512463569,4.53916961699724,0.12291467562317845,0.0248476425185799,0.4595030602067698,0.01242382125928995,1.0133647918701172,18.739797353744507,0.5066823959350586,0.5444550216197968,10.082167744636536,0.2722275108098984,0.0203129770234226,0.3756215358152964,0.0101564885117113
176295,16286,really,2,99.0,0.0,0.7949999999999999,68.0,99.0,0.0,b5qqxt:b5ims1,LEGACY:FOCUSED-DISCUSSION,False,2019-03-26,187.0,26_03_19,0.20526892000000002,18.696746320000003,0.10263446000000001,0.95091353,93.13687213,0.475456765,0.8438175,75.16638075,0.42190875,0.0,0.0,0.0,2.0,187.0,1.0,0.0,0.0,0.0,0.0,0.0,0.0,0.15119028836488718,15.178151071071625,0.07559514418244359,0.2458293512463569,21.640670277178284,0.12291467562317845,0.0248476425185799,2.295613985508677,0.01242382125928995,1.0133647918701172,93.59465718269347,0.5066823959350586,0.5444550216197968,52.41777044534683,0.2722275108098984,0.0203129770234226,1.8731397883966496,0.0101564885117113
176265,16256,reason,3,106.0,0.0,0.8266666666666667,69.0,106.0,0.0,b5qqxt:b5ims1:b5scok,LEGACY:FOCUSED-DISCUSSION:EXCHANGE,True,2019-03-26,205.0,26_03_19,0.31110272000000005,20.601754720000002,0.10370090666666669,1.39910283,101.20427953000001,0.46636761,1.28979435,83.19396405,0.42993145,0.0,0.0,0.0,3.0,205.0,1.0,0.0,0.0,0.0,0.0,0.0,0.0,0.22006376087665547,16.417873576283455,0.07335458695888515,0.3774174079298972,24.00925529748201,0.12580580264329908,0.0374497901648282,2.522452643141146,0.012483263388276067,1.527498483657837,102.84906363487242,0.5091661612192789,0.8069326877593994,57.14236843585968,0.2689775625864665,0.030638004653155602,2.0589902857318436,0.010212668217718534
176569,16560,receive,3,4.0,0.0,0.6666666666666666,1.0,4.0,0.0,b5rh8g:b5q23f:b5pzvl,New Coin:nan:News,True,2019-03-26,35.0,26_03_19,0.33182638,3.86175778,0.11060879333333333,1.4354137,16.685929299999998,0.47847123333333336,1.23275977,14.45231117,0.4109199233333333,0.0,0.0,0.0,3.0,35.0,1.0,0.0,0.0,0.0,0.0,0.0,0.0,0.23309341818094242,2.701774545013903,0.07769780606031414,0.6354683935642242,7.2533284425735465,0.21182279785474142,0.0476056663319467,0.5488666249439103,0.015868555443982232,1.244401752948761,14.71668666601181,0.41480058431625366,0.8031963407993314,9.360115081071852,0.26773211359977717,0.0362344440072773,0.4192289393395163,0.012078148002425767
176345,16336,recent,2,58.0,0.0,0.73,76.0,58.0,0.0,b5ims1:b5wjx4,FOCUSED-DISCUSSION:nan,False,2019-03-26,154.0,26_03_19,0.22214234,17.743919320000003,0.11107117,0.9002455300000001,69.55478854,0.45012276500000004,0.87761225,66.70131479999999,0.438806125,0.0,0.0,0.0,2.0,154.0,1.0,0.0,0.0,0.0,0.0,0.0,0.0,0.1464616134762763,11.809139013290398,0.07323080673813814,0.3800326883792876,36.39076808094977,0.1900163441896438,0.0332396058365702,3.0496035926043956,0.0166198029182851,0.8241924941539764,51.01425379514694,0.4120962470769882,0.5801953971385956,48.044689536094666,0.2900976985692978,0.0358782466500996,3.6915446668863185,0.0179391233250498
176193,16184,reddit,3,71.0,0.0,0.7000000000000001,682.0,71.0,0.0,b5imxn:b5wjx4:b5q23f,FOCUSED-DISCUSSION:nan:nan,True,2019-03-26,783.0,26_03_19,0.30681505,57.64795730000001,0.10227168333333332,1.4591677,381.91238222,0.48638923333333334,1.23401736,343.43970820000004,0.41133912,0.0,0.0,0.0,3.0,783.0,1.0,0.0,0.0,0.0,0.0,0.0,0.0,0.23903701454401,67.96018496155736,0.07967900484800333,0.6255390495061873,131.94002108275885,0.20851301650206244,0.0482626380398869,8.966072285547849,0.016087546013295633,1.2339807152748108,343.97922763228416,0.4113269050916036,0.806937575340271,221.3239796757698,0.26897919178009033,0.0462429253384469,8.830531058832966,0.015414308446148967
176318,16309,regular,2,96.0,0.0,0.78,66.0,96.0,0.0,b5qqxt:b5q23f,LEGACY:nan,False,2019-03-26,182.0,26_03_19,0.22653584,18.401513440000002,0.11326792,1.0147307300000001,91.59791483,0.5073653650000001,0.7587333300000001,72.00057063,0.37936666500000005,0.0,0.0,0.0,2.0,182.0,1.0,0.0,0.0,0.0,0.0,0.0,0.0,0.1547174006700515,14.87258194386959,0.07735870033502575,0.34124482423067093,22.032300196588036,0.17062241211533546,0.03053804859519,2.295197714120146,0.015269024297595,0.956013411283493,90.393123537302,0.4780067056417465,0.4949572086334228,50.560906171798706,0.2474786043167114,0.022529019974171997,1.845891122706228,0.011264509987085999
176596,16587,regulations,2,6.0,0.0,0.685,4.0,6.0,0.0,b5ims1:b5wzhh,FOCUSED-DISCUSSION:POLITICS,True,2019-03-26,30.0,26_03_19,0.25137484,3.7309153600000005,0.12568742,0.95744393,14.30059362,0.478721965,0.79118115,11.9684898,0.395590575,0.0,0.0,0.0,1.0,16.0,0.5,1.0,14.0,0.5,0.4588,6.4232,0.2294,0.1383617371320724,2.07481126487255,0.0691808685660362,0.2836186289787292,4.233836919069289,0.1418093144893646,0.028830201365053598,0.428827114403247,0.014415100682526799,0.9360313415527344,14.13270616531372,0.4680156707763672,0.5898944437503815,8.783477544784546,0.29494722187519073,0.023263718001544302,0.34634210728108616,0.011631859000772151
176574,16565,release,2,13.0,0.0,0.745,1.0,13.0,0.0,b5qh3o:b5wz5s,GENERAL-NEWS:RELEASE,True,2019-03-26,34.0,26_03_19,0.25249558,4.29242486,0.12624779,0.85589391,14.55019647,0.427946955,0.89161064,15.157380880000002,0.44580532,0.0,0.0,0.0,2.0,34.0,1.0,0.0,0.0,0.0,0.0,0.0,0.0,0.0923908352851867,1.5706441998481737,0.04619541764259335,0.1841177791357039,3.1300022453069665,0.09205888956785195,0.0113956427667289,0.19372592703439132,0.00569782138336445,1.3702746033668518,23.29466825723648,0.6851373016834259,0.32842078059911717,5.583153270184992,0.16421039029955858,0.0134003965649752,0.22780674160457842,0.0067001982824876
176523,16514,released,3,13.0,0.0,0.9166666666666666,5.0,13.0,0.0,b5n5ia:b5scok:b5m4s1,TRADING:EXCHANGE:News,False,2019-03-26,48.0,26_03_19,0.30740080000000003,4.91772636,0.10246693333333334,1.4203007300000001,22.78242697,0.4734335766666667,1.27229848,20.299846430000002,0.4240994933333333,0.0,0.0,0.0,3.0,48.0,1.0,0.0,0.0,0.0,0.0,0.0,0.0,0.20409545302391038,3.3856988176703435,0.0680318176746368,0.43277838081121434,6.595608942210672,0.1442594602704048,0.0346694057807325,0.5675424560904484,0.0115564685935775,1.5777382254600525,24.947905123233795,0.5259127418200175,0.7200022637844086,12.013187408447266,0.24000075459480286,0.0307163055986164,0.4900581501424282,0.010238768532872132
176675,16666,remains,2,2.0,0.0,0.835,0.0,2.0,0.0,b5q23f:b5ucu4,nan:Analysis,True,2019-03-26,22.0,26_03_19,0.25942502,2.85367522,0.12971251,1.0591292,11.6504212,0.5295646,0.68144563,7.4959019300000005,0.340722815,0.0,0.0,0.0,2.0,22.0,1.0,0.0,0.0,0.0,0.0,0.0,0.0,0.2088718563318251,2.297590419650076,0.10443592816591254,0.6801608949899673,7.48176984488964,0.3400804474949837,0.039471102878451306,0.4341821316629643,0.019735551439225653,0.781711220741272,8.598823428153992,0.390855610370636,0.2609389424324035,2.8703283667564388,0.13046947121620175,0.0288458969444035,0.31730486638843847,0.01442294847220175
176443,16434,report,4,21.0,0.0,0.7525,10.0,21.0,0.0,b5og29:b5l56y:b5r0qb:b5it5o,FINANCE:GENERAL-NEWS:COMEDY:nan,True,2019-03-26,71.0,26_03_19,0.43616644000000004,7.911564240000001,0.10904161000000001,1.9595459300000002,34.324387040000005,0.48988648250000005,1.60428763,28.7640491,0.4010719075,0.0,0.0,0.0,4.0,71.0,1.0,0.0,0.0,0.0,0.0,0.0,0.0,0.3981052190065383,7.3426506370306,0.09952630475163457,0.9805899634957314,17.999670922756195,0.24514749087393284,0.0592292109504341,1.083734597079454,0.014807302737608524,1.7040925025939941,28.841999053955078,0.42602312564849854,0.8084102421998978,14.817917376756668,0.20210256054997444,0.0495728589594362,0.9140269942581613,0.01239321473985905
176206,16197,requirements,2,17.0,0.0,0.67,608.0,17.0,0.0,b5imxn:b5q23f,FOCUSED-DISCUSSION:nan,True,2019-03-26,645.0,26_03_19,0.19050651000000002,41.59737878000001,0.09525325500000001,1.00711147,319.52862247999997,0.503555735,0.80238196,283.874023,0.40119098,0.0,0.0,0.0,2.0,645.0,1.0,0.0,0.0,0.0,0.0,0.0,0.0,0.161448873579502,57.25302150845526,0.080724436789751,0.37709441781044,97.65466190874574,0.18854720890522,0.027625179849565,6.118103055283427,0.0138125899247825,0.9239219129085541,301.19111290574074,0.46196095645427704,0.489219844341278,177.47893279790878,0.244609922170639,0.0206897063180803,5.304186834022375,0.01034485315904015
176314,16305,research,2,96.0,0.0,0.945,66.0,96.0,0.0,b5qqxt:b5vgle,LEGACY:nan,True,2019-03-26,182.0,26_03_19,0.27309522,18.91366662,0.13654761,0.87973163,90.11292473,0.439865815,0.84717313,72.97340843,0.423586565,0.0,0.0,0.0,2.0,182.0,1.0,0.0,0.0,0.0,0.0,0.0,0.0,0.2023128867149353,15.396132290363312,0.10115644335746765,0.46090178936719894,23.348526813089844,0.23045089468359947,0.0350420605391263,2.3447418455034454,0.01752103026956315,0.8779103159904479,89.53398948907851,0.43895515799522394,0.3992727100849151,49.50837668776512,0.19963635504245755,0.0245601385831832,1.8682334274053511,0.0122800692915916
176564,16555,reshaping,2,14.0,0.0,0.73,1.0,14.0,0.0,b5qpzg:b5o0bu,GENERAL-NEWS:MEDIA,False,2019-03-26,35.0,26_03_19,0.25736752,4.5039316,0.12868376,0.8493108,14.862939,0.4246554,0.8933217,15.633129749999998,0.44666085,0.0,0.0,0.0,2.0,35.0,1.0,0.0,0.0,0.0,0.0,0.0,0.0,0.2759113907814026,4.828449338674545,0.1379556953907013,0.7029979228973388,12.302463650703427,0.3514989614486694,0.0353975258767604,0.619456702843307,0.0176987629383802,0.5707248449325562,9.987684786319733,0.2853624224662781,0.3884345591068268,6.797604784369469,0.1942172795534134,0.0265337917953728,0.46434135641902397,0.0132668958976864
176568,16559,reshaping transport,2,14.0,0.0,0.73,1.0,14.0,0.0,b5qpzg:b5o0bu,GENERAL-NEWS:MEDIA,True,2019-03-26,35.0,26_03_19,0.25736752,4.5039316,0.12868376,0.8493108,14.862939,0.4246554,0.8933217,15.633129749999998,0.44666085,0.0,0.0,0.0,2.0,35.0,1.0,0.0,0.0,0.0,0.0,0.0,0.0,0.2759113907814026,4.828449338674545,0.1379556953907013,0.7029979228973388,12.302463650703427,0.3514989614486694,0.0353975258767604,0.619456702843307,0.0176987629383802,0.5707248449325562,9.987684786319733,0.2853624224662781,0.3884345591068268,6.797604784369469,0.1942172795534134,0.0265337917953728,0.46434135641902397,0.0132668958976864
176190,16181,rest,2,111.0,0.0,0.78,674.0,111.0,0.0,b5qqxt:b5imxn,LEGACY:FOCUSED-DISCUSSION,True,2019-03-26,805.0,26_03_19,0.16284091,57.20267638000001,0.081420455,0.9978292,399.86239430999996,0.4989146,0.83932993,347.93495467,0.419664965,0.0,0.0,0.0,2.0,805.0,1.0,0.0,0.0,0.0,0.0,0.0,0.0,0.1713651046156883,70.53279058635233,0.08568255230784415,0.2643321827054023,114.69288445264098,0.13216609135270116,0.0215781209990382,8.010864587500688,0.0107890604995191,0.966370701789856,381.53502559661865,0.483185350894928,0.5582173466682434,223.35428220033646,0.2791086733341217,0.0181365851312875,6.874174403957991,0.00906829256564375
176660,16651,retailer,2,3.0,0.0,0.835,0.0,3.0,0.0,b5prdc:b5qpbs,GENERAL-NEWS:News,True,2019-03-26,23.0,26_03_19,0.29108208,3.3474439200000004,0.14554104,1.01850926,11.71285649,0.50925463,0.6904086,7.939698900000001,0.3452043,0.0,0.0,0.0,0.0,0.0,0.0,2.0,23.0,1.0,0.9176,10.552399999999999,0.4588,0.1389765292406082,1.598230086266994,0.0694882646203041,0.3040611445903778,3.496703162789345,0.1520305722951889,0.0324561074376106,0.37324523553252187,0.0162280537188053,0.8437952995300292,9.703645944595335,0.4218976497650146,0.6548335552215576,7.530585885047913,0.3274167776107788,0.0258773807436226,0.29758987855165986,0.0129386903718113
176651,16642,retailer accepts,2,3.0,0.0,0.835,0.0,3.0,0.0,b5prdc:b5qpbs,GENERAL-NEWS:News,True,2019-03-26,23.0,26_03_19,0.29108208,3.3474439200000004,0.14554104,1.01850926,11.71285649,0.50925463,0.6904086,7.939698900000001,0.3452043,0.0,0.0,0.0,0.0,0.0,0.0,2.0,23.0,1.0,0.9176,10.552399999999999,0.4588,0.1389765292406082,1.598230086266994,0.0694882646203041,0.3040611445903778,3.496703162789345,0.1520305722951889,0.0324561074376106,0.37324523553252187,0.0162280537188053,0.8437952995300292,9.703645944595335,0.4218976497650146,0.6548335552215576,7.530585885047913,0.3274167776107788,0.0258773807436226,0.29758987855165986,0.0129386903718113
176687,16678,returns,2,2.0,0.0,0.835,0.0,2.0,0.0,b5q23f:b5v924,nan:nan,True,2019-03-26,22.0,26_03_19,0.243542044,2.678962484,0.121771022,0.99795265,10.97747915,0.498976325,0.75850522,8.34355742,0.37925261,0.0,0.0,0.0,2.0,22.0,1.0,0.0,0.0,0.0,0.0,0.0,0.0,0.1144945733249186,1.2594403065741044,0.0572472866624593,0.2935568988323211,3.229125887155532,0.14677844941616056,0.021896619582548703,0.24086281540803572,0.010948309791274351,1.2745336592197418,14.01987025141716,0.6372668296098709,0.27986764162778843,3.0785440579056726,0.13993382081389422,0.015650545479729598,0.1721560002770256,0.007825272739864799
176667,16658,review,2,2.0,0.0,0.835,0.0,2.0,0.0,b5r4il:b5q23f,nan:nan,True,2019-03-26,22.0,26_03_19,0.22379648000000002,2.46176128,0.11189824000000001,1.0353836,11.3892196,0.5176918,0.74081978,8.14901758,0.37040989,0.0,0.0,0.0,2.0,22.0,1.0,0.0,0.0,0.0,0.0,0.0,0.0,0.1535929739475249,1.689522713422774,0.07679648697376246,0.4588528275489807,5.047381103038788,0.22942641377449036,0.030709904618561202,0.3378089508041732,0.015354952309280601,0.9914616048336029,10.906077653169632,0.49573080241680145,0.34350955486297596,3.778605103492736,0.17175477743148798,0.021873079240322002,0.24060387164354202,0.010936539620161001
176456,16447,rewards,4,17.0,0.0,0.545,9.0,17.0,0.0,b5qrfx:b5lt26:b5lt42:b5pzvl,EXCHANGE:RELEASE:Tool:News,True,2019-03-26,66.0,26_03_19,0.41077508,6.5063160799999995,0.10269377,1.85552614,30.97770962,0.463881535,1.7336987899999998,28.515974629999995,0.43342469749999996,0.0,0.0,0.0,4.0,66.0,1.0,0.0,0.0,0.0,0.0,0.0,0.0,0.296846032142639,4.6642635166645015,0.07421150803565975,0.8900488168001174,14.35101945698261,0.22251220420002935,0.0561464512720703,0.8398088859394178,0.014036612818017574,0.9437714964151382,14.841329768300055,0.23594287410378456,1.7518879771232605,30.372890651226044,0.4379719942808151,0.0612994031980632,0.9306892575696077,0.0153248507995158
176677,16668,rewards amp,2,1.0,0.0,0.55,1.0,1.0,0.0,b5lt26:b5lt42,RELEASE:Tool,True,2019-03-26,22.0,26_03_19,0.22152912,2.43682032,0.11076456,0.8999936,9.8999296,0.4499968,0.87847728,9.663250080000001,0.43923864,0.0,0.0,0.0,2.0,22.0,1.0,0.0,0.0,0.0,0.0,0.0,0.0,0.1414377093315124,1.5558148026466365,0.0707188546657562,0.4058773517608642,4.464650869369506,0.2029386758804321,0.029335580766201,0.322691388428211,0.0146677903831005,0.4675655961036682,5.14322155714035,0.2337827980518341,0.9195072054862976,10.114579260349274,0.4597536027431488,0.036276701837778,0.399043720215558,0.018138350918889
176220,16211,right,4,277.0,0.0,0.7825,67.0,277.0,0.0,b5oixc:b5iq8c:b5q23f:b5v924,TRADING:GENERAL-NEWS:nan:nan,True,2019-03-26,384.0,26_03_19,0.44881096400000003,40.869223164000005,0.11220274100000001,1.94886618,174.25816942,0.487216545,1.60232272,168.87258932000003,0.40058068,0.0,0.0,0.0,4.0,384.0,1.0,0.0,0.0,0.0,0.0,0.0,0.0,0.26568486168980576,26.447060879319892,0.06642121542245144,0.539386250078678,50.534413926303365,0.1348465625196695,0.04674426210112861,4.796063860645504,0.011686065525282152,2.287898451089859,199.85311743617058,0.5719746127724648,0.8243226632475852,98.46595329791306,0.2060806658118963,0.0359635225031522,3.9034115157555473,0.00899088062578805
176613,16604,ripple,2,1.0,0.0,0.5,8.0,1.0,0.0,b5kz41:b5q23f,TRADING:nan,True,2019-03-26,29.0,26_03_19,0.24083119,3.44525638,0.120415595,0.9304576600000001,13.16419238,0.46522883000000004,0.82871112,12.3905514,0.41435556,0.0,0.0,0.0,2.0,29.0,1.0,0.0,0.0,0.0,0.0,0.0,0.0,0.1144945733249186,1.5540982261300065,0.0572472866624593,0.2935568988323211,3.6949994713068,0.14677844941616056,0.021896619582548703,0.26609127642586783,0.010948309791274351,1.2745336592197418,19.744129687547684,0.6372668296098709,0.27986764162778843,3.5467585772275907,0.13993382081389422,0.015650545479729598,0.19392232457175598,0.007825272739864799
176536,16527,rough,2,14.0,0.0,0.755,11.0,14.0,0.0,b5q23f:b5v1yl,nan:Analysis,True,2019-03-26,45.0,26_03_19,0.19050651000000002,3.55390478,0.09525325500000001,1.00711147,22.465640479999998,0.503555735,0.80238196,18.980455,0.40119098,0.0,0.0,0.0,2.0,45.0,1.0,0.0,0.0,0.0,0.0,0.0,0.0,0.161448873579502,3.824048250913618,0.080724436789751,0.37709441781044,7.600129023194311,0.18854720890522,0.027625179849565,0.5185273792594668,0.0138125899247825,0.9239219129085541,20.90735188126564,0.46196095645427704,0.489219844341278,11.734938085079193,0.244609922170639,0.0206897063180803,0.415005391463635,0.01034485315904015
176223,16214,run,2,274.0,0.0,0.745,65.0,274.0,0.0,b5oixc:b5ims1,TRADING:FOCUSED-DISCUSSION,False,2019-03-26,359.0,26_03_19,0.2116676,37.994334200000004,0.1058338,0.8963786,160.89995869999998,0.4481893,0.8919537,160.10568915,0.44597685,0.0,0.0,0.0,2.0,359.0,1.0,0.0,0.0,0.0,0.0,0.0,0.0,0.1377469450235366,24.72557663172482,0.0688734725117683,0.2631761133670806,47.24011234939096,0.1315880566835403,0.0252042952924966,4.52417100500314,0.0126021476462483,1.0282673835754395,184.57399535179138,0.5141336917877197,0.5249553322792052,94.22948214411734,0.2624776661396026,0.020650055259466,3.706684919074147,0.010325027629733
176350,16341,safe,2,35.0,0.0,0.91,95.0,35.0,0.0,b5p598:b5wav2,TRADING:nan,False,2019-03-26,150.0,26_03_19,0.22653584,15.247255200000001,0.11326792,1.0147307300000001,75.52002174,0.5073653650000001,0.7587333300000001,59.23272186,0.37936666500000005,0.0,0.0,0.0,2.0,150.0,1.0,0.0,0.0,0.0,0.0,0.0,0.0,0.1547174006700515,12.228527605533598,0.07735870033502575,0.34124482423067093,18.489341005682945,0.17062241211533546,0.03053804859519,1.9093889370560615,0.015269024297595,0.956013411283493,74.37527954578398,0.4780067056417465,0.4949572086334228,41.46863329410553,0.2474786043167114,0.022529019974171997,1.5288298632949537,0.011264509987085999
176617,16608,sale,2,8.0,0.0,0.945,1.0,8.0,0.0,b5scok:b5ucu4,EXCHANGE:Analysis,True,2019-03-26,29.0,26_03_19,0.2381581,3.3605757,0.11907905,0.995312,14.0857571,0.497656,0.7665298,11.55366575,0.3832649,0.0,0.0,0.0,2.0,29.0,1.0,0.0,0.0,0.0,0.0,0.0,0.0,0.2053447440266608,2.7409064918756467,0.1026723720133304,0.5847454220056533,7.353316038846968,0.29237271100282664,0.033780696801841203,0.45980269834399135,0.016890348400920602,0.8390626013278961,12.828624457120895,0.41953130066394806,0.3104367554187774,5.25214797258377,0.1552183777093887,0.0266298539936541,0.36520358733832614,0.01331492699682705
176460,16451,sales,4,21.0,0.0,0.7475,3.0,21.0,0.0,b5k6za:b5rlek:b5nhlj:b5k8el,ADOPTION:TRADING:Strategy:Strategy,True,2019-03-26,64.0,26_03_19,0.44456129999999994,7.11498488,0.11114032499999998,1.7880386799999999,28.59268752,0.44700966999999997,1.76739996,28.29232656,0.44184999,0.0,0.0,0.0,4.0,64.0,1.0,0.0,0.0,0.0,0.0,0.0,0.0,0.2369459420442581,3.7298957705497737,0.05923648551106452,0.4928455278277397,7.460316210985184,0.12321138195693493,0.050680615007877294,0.8002357780933371,0.012670153751969324,1.9898286163806915,33.243521094322205,0.4974571540951729,1.1831630319356918,18.056140005588528,0.29579075798392296,0.0465364037081598,0.7098931260406951,0.01163410092703995
176505,16496,sales strategy,3,20.0,0.0,0.8066666666666666,2.0,20.0,0.0,b5k6za:b5nhlj:b5k8el,ADOPTION:Strategy:Strategy,True,2019-03-26,52.0,26_03_19,0.33379674000000004,5.7858101600000005,0.11126558000000002,1.33804188,23.19272592,0.44601396,1.32816132,23.021462879999998,0.44272044,0.0,0.0,0.0,3.0,52.0,1.0,0.0,0.0,0.0,0.0,0.0,0.0,0.1662270873785019,2.8812695145606995,0.0554090291261673,0.2899068519473076,5.025052100419998,0.0966356173157692,0.0360128246247768,0.6242222934961312,0.0120042748749256,1.7560458183288574,30.438127517700195,0.5853486061096191,0.7234094291925428,12.539096772670742,0.24113647639751426,0.0283980527892708,0.4922329150140272,0.0094660175964236
176619,16610,scam,2,8.0,0.0,0.945,1.0,8.0,0.0,b5scok:b5kn0z,EXCHANGE:WARNING,True,2019-03-26,29.0,26_03_19,0.21956427,3.15604357,0.109782135,0.86664046,12.670370160000001,0.43332023,0.9137952899999999,13.173586140000001,0.45689764499999996,0.0,0.0,0.0,2.0,29.0,1.0,0.0,0.0,0.0,0.0,0.0,0.0,0.1109674610197543,1.7027563787996756,0.05548373050987715,0.1981414258480071,3.10067208111286,0.09907071292400355,0.0162062135059386,0.2664833820890627,0.0081031067529693,1.331885039806366,18.249671280384064,0.665942519903183,0.32936545461416233,5.460363663733004,0.16468272730708117,0.0134345025289802,0.22005472122691322,0.0067172512644901
176343,16334,scenario,2,41.0,0.0,0.855,95.0,41.0,0.0,b5p598:b5scok,TRADING:EXCHANGE,True,2019-03-26,156.0,26_03_19,0.20526892000000002,15.62705496,0.10263446000000001,0.95091353,77.44335114,0.475456765,0.8438175,62.929593,0.42190875,0.0,0.0,0.0,2.0,156.0,1.0,0.0,0.0,0.0,0.0,0.0,0.0,0.15119028836488718,12.599443092942238,0.07559514418244359,0.2458293512463569,18.133883669972416,0.12291467562317845,0.0248476425185799,1.9167169500142303,0.01242382125928995,1.0133647918701172,78.14829826354979,0.5066823959350586,0.5444550216197968,43.63747304677963,0.2722275108098984,0.0203129770234226,1.5641875136643588,0.0101564885117113
176392,16383,security,5,46.0,0.0,0.776,7.0,46.0,0.0,b5q1fp:b5lkjl:b5x8tw:b5r2ro:b5q23f,GENERAL-NEWS:FINANCE:GENERAL-NEWS:News:nan,True,2019-03-26,103.0,26_03_19,0.59183679,11.642743249999999,0.118367358,2.46690421,51.387378860000005,0.493380842,1.9412588600000003,39.969875050000006,0.38825177200000005,0.0,0.0,0.0,5.0,103.0,1.0,0.0,0.0,0.0,0.0,0.0,0.0,0.3597316481173036,7.779344286769626,0.07194632962346073,0.8000540584325789,15.750085838139055,0.1600108116865158,0.0688676740974186,1.42393993400037,0.013773534819483721,2.4645500779151917,50.52130940556526,0.4929100155830383,1.2514474093914032,26.403867036104202,0.25028948187828065,0.055348961614072,1.1214507240801992,0.011069792322814399
176526,16517,security token,3,15.0,0.0,0.69,1.0,15.0,0.0,b5lkjl:b5r2ro:b5q23f,FINANCE:News:nan,True,2019-03-26,46.0,26_03_19,0.35363656,5.54231152,0.11787885333333332,1.5267372300000002,23.45019403,0.5089124100000001,1.1196260100000002,17.00749095,0.3732086700000001,0.0,0.0,0.0,3.0,46.0,1.0,0.0,0.0,0.0,0.0,0.0,0.0,0.2271179854869841,3.439505442976949,0.07570599516232802,0.5682483538985252,9.201777778565884,0.18941611796617508,0.0488306023180484,0.7749398238956916,0.016276867439349467,1.4127957224845886,21.478922992944717,0.47093190749486286,0.7079370617866515,10.55604577064514,0.2359790205955505,0.0350700905546544,0.5488049136474696,0.011690030184884799
176475,16466,security tokens,2,31.0,0.0,0.74,6.0,31.0,0.0,b5q1fp:b5q23f,GENERAL-NEWS:nan,True,2019-03-26,57.0,26_03_19,0.22653584,5.97212344,0.11326792,1.0147307300000001,28.757386080000003,0.5073653650000001,0.7587333300000001,22.270489380000004,0.37936666500000005,0.0,0.0,0.0,2.0,57.0,1.0,0.0,0.0,0.0,0.0,0.0,0.0,0.1547174006700515,4.582979962229728,0.07735870033502575,0.34124482423067093,7.752138376235961,0.17062241211533546,0.03053804859519,0.764510855078696,0.015269024297595,0.956013411283493,27.98923602700233,0.4780067056417465,0.4949572086334228,15.313736736774445,0.2474786043167114,0.022529019974171997,0.597397448495028,0.011264509987085999
176518,16509,seeing,2,17.0,0.0,0.77,13.0,17.0,0.0,b5ims1:b5v1yl,FOCUSED-DISCUSSION:Analysis,False,2019-03-26,50.0,26_03_19,0.16923959,3.8491376600000002,0.084619795,0.94329427,24.004597779999997,0.471647135,0.88746613,22.14626512,0.443733065,0.0,0.0,0.0,2.0,50.0,1.0,0.0,0.0,0.0,0.0,0.0,0.0,0.1579217612743377,4.129617378115652,0.07896088063716886,0.281678944826126,7.2084991037845585,0.140839472413063,0.0219347737729549,0.5189436506479972,0.01096738688647745,0.9812732934951782,24.108885526657104,0.4906366467475891,0.538717657327652,13.59180235862732,0.269358828663826,0.018473663367330903,0.44225405715405663,0.009236831683665452
176378,16369,sell,4,35.0,0.0,0.7375,46.0,35.0,0.0,b5m52p:b5scok:b5kz41:b5wav2,PRIVACY:EXCHANGE:TRADING:nan,True,2019-03-26,121.0,26_03_19,0.47534875000000004,14.871279980000002,0.11883718750000001,1.80330236,52.74345048000001,0.45082559,1.72134882,53.385269429999994,0.430337205,0.0,0.0,0.0,4.0,121.0,1.0,0.0,0.0,0.0,0.0,0.0,0.0,0.32132374122738816,12.936987079679962,0.08033093530684704,0.7766439169645307,31.950012207031246,0.19416097924113268,0.0521975301671772,1.80323218228295,0.0130493825417943,2.0740297734737396,50.286775290966034,0.5185074433684349,0.7365625873208044,22.662197828292847,0.1841406468302011,0.039242469007149,1.3607972930185395,0.00981061725178725
176217,16208,services,2,285.0,0.0,0.72,87.0,285.0,0.0,b5oixc:b5pgkw,TRADING:EXCHANGE,True,2019-03-26,392.0,26_03_19,0.24459891,43.100483790000006,0.122299455,0.88563205,175.16362465,0.442816025,0.8697690499999999,173.73587735,0.43488452499999997,0.0,0.0,0.0,2.0,392.0,1.0,0.0,0.0,0.0,0.0,0.0,0.0,0.119170319288969,26.08814656361936,0.0595851596444845,0.2491524666547774,50.89535953104493,0.1245762333273887,0.0203937245532869,4.704323911108059,0.01019686227664345,1.0666569471359253,203.42149579524994,0.5333284735679626,0.5240106582641602,102.84495609998702,0.2620053291320801,0.020615949295461,4.045739638619091,0.0103079746477305
176377,16368,set,4,49.0,0.0,0.775,34.0,49.0,0.0,b5pgkw:b5qh3o:b5sb3b:b5sn89,EXCHANGE:GENERAL-NEWS:EXCHANGE:nan,True,2019-03-26,123.0,26_03_19,0.5186794,16.6759773,0.12966985,1.9280995,58.9750278,0.482024875,1.5532211,47.3489949,0.388305275,0.0,0.0,0.0,4.0,123.0,1.0,0.0,0.0,0.0,0.0,0.0,0.0,0.26638801395893086,8.090758837759493,0.06659700348973271,0.7363731414079664,22.55158151686191,0.1840932853519916,0.0446996288374064,1.4018675526603985,0.0111749072093516,2.064925789833069,62.345123648643494,0.5162314474582672,0.846450001001358,27.319004237651825,0.2116125002503395,0.041163366287946396,1.2916605602949756,0.010290841571986599
176673,16664,share,2,2.0,0.0,1.0,0.0,2.0,0.0,b5vgle:b5v924,nan:nan,True,2019-03-26,22.0,26_03_19,0.290101424,3.191115664,0.145050712,0.8629535500000001,9.49248905,0.43147677500000003,0.8469450199999999,9.31639522,0.42347250999999997,0.0,0.0,0.0,2.0,22.0,1.0,0.0,0.0,0.0,0.0,0.0,0.0,0.16209005936980242,1.7829906530678263,0.08104502968490121,0.4132138639688491,4.54535250365734,0.20660693198442456,0.026400631526485002,0.290406946791335,0.013200315763242501,1.1964305639266968,13.160736203193665,0.5982152819633484,0.1841831430792807,2.0260145738720876,0.09209157153964034,0.0176816640887408,0.1944983049761488,0.0088408320443704
176615,16606,shitcoin,2,8.0,0.0,0.78,1.0,8.0,0.0,b5scok:b5qg84,EXCHANGE:nan,True,2019-03-26,29.0,26_03_19,0.25137484,3.50595984,0.12568742,0.95744393,13.66920833,0.478721965,0.79118115,11.8248306,0.395590575,0.0,0.0,0.0,1.0,18.0,0.5,1.0,11.0,0.5,0.4588,5.0468,0.2294,0.1383617371320724,2.0040934160351744,0.0691808685660362,0.2836186289787292,4.040921315550803,0.1418093144893646,0.028830201365053598,0.4053472485393277,0.014415100682526799,0.9360313415527344,13.895280599594116,0.4680156707763672,0.5898944437503815,8.326182544231415,0.29494722187519073,0.023263718001544302,0.3281760914251183,0.011631859000772151
176603,16594,shows,2,6.0,0.0,0.93,4.0,6.0,0.0,b5n5ia:b5ucu4,TRADING:Analysis,True,2019-03-26,30.0,26_03_19,0.23175942,3.34483458,0.11587971,1.04984693,15.57011007,0.524923465,0.7183936,11.0850548,0.3591968,0.0,0.0,0.0,2.0,30.0,1.0,0.0,0.0,0.0,0.0,0.0,0.0,0.2187880873680114,3.0652034878730765,0.1093940436840057,0.5673986598849295,7.155315615236757,0.2836993299424648,0.0334240440279245,0.4656284432858223,0.01671202201396225,0.8241600096225739,13.05960890650749,0.4120800048112869,0.3299364447593689,5.885119736194611,0.16496822237968445,0.0262927757576107,0.3691241284832345,0.01314638787880535
176582,16573,similar,2,1.0,0.0,0.41,12.0,1.0,0.0,b5tt3c:b5q23f,METRICS:nan,False,2019-03-26,33.0,26_03_19,0.25578448,4.22915064,0.12789224,0.9366619,14.974490300000001,0.46833095,0.8075535300000001,13.79635818,0.40377676500000004,0.0,0.0,0.0,2.0,33.0,1.0,0.0,0.0,0.0,0.0,0.0,0.0,0.2103562802076339,3.831431731581687,0.10517814010381694,0.5785024911165237,10.230015978217125,0.28925124555826187,0.0359913166612386,0.5905908755958068,0.0179956583306193,0.7421447336673737,11.302578717470169,0.37107236683368683,0.4071971327066421,6.615558534860611,0.20359856635332105,0.025807966478168798,0.42982348613440724,0.012903983239084399
176434,16425,simple,4,25.0,0.0,0.5900000000000001,11.0,25.0,0.0,b5sn89:b5q23f:b5ng23:b5ukkn,nan:nan:nan:Exchange,True,2019-03-26,76.0,26_03_19,0.50744928,10.205539139999999,0.12686232,2.03141267,39.27973790000001,0.5078531675,1.46113785,26.51471825,0.3652844625,0.0,0.0,0.0,3.0,64.0,0.75,1.0,12.0,0.25,0.4588,5.505599999999999,0.1147,0.290079742670059,5.883025303483007,0.07251993566751475,0.8557237833738327,17.916237920522686,0.21393094584345818,0.06131963711231941,1.2084169099107371,0.015329909278079852,1.506600096821785,30.17569826543331,0.37665002420544624,1.237892895936966,19.92272239923477,0.3094732239842415,0.048383630812167795,0.8938935725018319,0.012095907703041949
176484,16475,site,2,24.0,0.0,0.72,10.0,24.0,0.0,b5sn89:b5ng23,nan:nan,True,2019-03-26,54.0,26_03_19,0.28999446,7.81353612,0.14499723,1.03909153,28.364205360000003,0.519545765,0.6709139,17.8222548,0.33545695,0.0,0.0,0.0,1.0,42.0,0.5,1.0,12.0,0.5,0.4588,5.505599999999999,0.2294,0.15409019589424128,4.387140288949011,0.07704509794712064,0.4214255958795547,13.13895785808563,0.21071279793977735,0.032927177846431704,0.8960998579859725,0.016463588923215852,0.847097635269165,22.921171188354492,0.4235488176345825,0.5202710926532745,12.028882563114164,0.26013554632663727,0.0241882046684621,0.6277438849210691,0.01209410233423105
176592,16583,slow,2,3.0,0.0,0.665,8.0,3.0,0.0,b5kz41:b5rh8g,TRADING:New Coin,False,2019-03-26,31.0,26_03_19,0.21956427,3.42298786,0.109782135,0.86664046,13.35858178,0.43332023,0.9137952899999999,14.21843097,0.45689764499999996,0.0,0.0,0.0,2.0,31.0,1.0,0.0,0.0,0.0,0.0,0.0,0.0,0.1109674610197543,1.653046935796736,0.05548373050987715,0.1981414258480071,2.908605381846426,0.09907071292400355,0.0162062135059386,0.22870110487565332,0.0081031067529693,1.331885039806366,21.40326225757599,0.665942519903183,0.32936545461416233,4.616189852356908,0.16468272730708117,0.0134345025289802,0.1901959073729786,0.0067172512644901
176280,16271,smart,3,96.0,0.0,0.7633333333333333,67.0,96.0,0.0,b5qqxt:b5lkjl:b5vjbn,LEGACY:FINANCE:GENERAL-NEWS,True,2019-03-26,193.0,26_03_19,0.31022204,19.32206164,0.10340734666666666,1.51423766,97.09249106,0.5047458866666666,1.17554033,76.58544763,0.3918467766666667,0.0,0.0,0.0,3.0,193.0,1.0,0.0,0.0,0.0,0.0,0.0,0.0,0.2612739503383636,16.044703990221024,0.08709131677945453,0.5114829987287521,23.90492011606693,0.17049433290958405,0.041358591988682705,2.4142236914485657,0.013786197329560901,1.3832818865776062,95.09307676553725,0.4610939621925354,0.7656406164169312,53.5384236574173,0.25521353880564374,0.0369619037955998,2.004652844741934,0.012320634598533267
176576,16567,social,3,2.0,0.0,0.59,1.0,2.0,0.0,b5lt26:b5q23f:b5lt42,RELEASE:nan:Tool,False,2019-03-26,33.0,26_03_19,0.34862984,3.83492824,0.11620994666666667,1.4120001,15.532001099999999,0.4706667,1.2393699599999999,13.63306956,0.41312331999999996,0.0,0.0,0.0,3.0,33.0,1.0,0.0,0.0,0.0,0.0,0.0,0.0,0.213838294148445,2.3522212356328946,0.07127943138281499,0.6328808814287186,6.961689695715904,0.21096029380957285,0.04762813448905939,0.5239094793796534,0.015876044829686464,0.9243479073047638,10.167826980352402,0.30811596910158795,1.1324870586395264,12.45735764503479,0.3774956862131755,0.0488177724182604,0.5369954966008644,0.0162725908060868
176665,16656,social media,2,1.0,0.0,0.55,1.0,1.0,0.0,b5lt26:b5lt42,RELEASE:Tool,True,2019-03-26,22.0,26_03_19,0.22152912,2.43682032,0.11076456,0.8999936,9.8999296,0.4499968,0.87847728,9.663250080000001,0.43923864,0.0,0.0,0.0,2.0,22.0,1.0,0.0,0.0,0.0,0.0,0.0,0.0,0.1414377093315124,1.5558148026466365,0.0707188546657562,0.4058773517608642,4.464650869369506,0.2029386758804321,0.029335580766201,0.322691388428211,0.0146677903831005,0.4675655961036682,5.14322155714035,0.2337827980518341,0.9195072054862976,10.114579260349274,0.4597536027431488,0.036276701837778,0.399043720215558,0.018138350918889
176267,16258,solution,2,113.0,0.0,0.8,70.0,113.0,0.0,b5qqxt:b5v6q9,LEGACY:EXCHANGE,True,2019-03-26,203.0,26_03_19,0.21019968,20.54787144,0.10509984,0.95272103,100.36574093,0.476360515,0.83707929,82.08638763,0.418539645,0.0,0.0,0.0,2.0,203.0,1.0,0.0,0.0,0.0,0.0,0.0,0.0,0.1530356705188751,16.33917886018753,0.07651783525943755,0.3171799704432487,26.029298998415467,0.15858998522162435,0.0269132852554321,2.5633489154279196,0.01345664262771605,0.7330138981342316,92.84956765174864,0.3665069490671158,0.7417309582233429,62.93024307489395,0.37086547911167145,0.028126300312578602,2.2883665757253695,0.014063150156289301
176212,16203,solve,3,368.0,0.0,0.8933333333333334,129.0,368.0,0.0,b5oixc:b5qqxt:b5rh8g,TRADING:LEGACY:New Coin,True,2019-03-26,527.0,26_03_19,0.31110272000000005,54.68023832,0.10370090666666669,1.39910283,245.52123413,0.46636761,1.28979435,226.79850975,0.42993145,0.0,0.0,0.0,3.0,527.0,1.0,0.0,0.0,0.0,0.0,0.0,0.0,0.22006376087665547,38.59513172507285,0.07335458695888515,0.3774174079298972,66.38060954958198,0.12580580264329908,0.0374497901648282,6.580344185233099,0.012483263388276067,1.527498483657837,268.4001123905182,0.5091661612192789,0.8069326877593994,141.66017693281174,0.2689775625864665,0.030638004653155602,5.38364918250587,0.010212668217718534
176647,16638,soon,2,2.0,0.0,1.0,1.0,2.0,0.0,b5lmuv:b5v924,GENERAL-NEWS:nan,False,2019-03-26,23.0,26_03_19,0.222275124,2.5508601640000004,0.111137562,0.9341354500000001,10.72367925,0.46706772500000004,0.84358939,9.72546014,0.421794695,0.0,0.0,0.0,2.0,23.0,1.0,0.0,0.0,0.0,0.0,0.0,0.0,0.1109674610197543,1.2895155437290655,0.05548373050987715,0.1981414258480071,2.3111437410116182,0.09907071292400355,0.0162062135059386,0.19087049621157293,0.0081031067529693,1.331885039806366,15.164869129657745,0.665942519903183,0.32936545461416233,3.885497666895388,0.16468272730708117,0.0134345025289802,0.1581045554485152,0.0067172512644901
176263,16254,space,4,103.0,0.0,0.845,72.0,103.0,0.0,b5qqxt:b5n5ia:b5wmhl:b5rbu9,LEGACY:TRADING:COMEDY:nan,True,2019-03-26,215.0,26_03_19,0.41395191000000003,21.522514020000003,0.10348797750000001,1.98807366,107.73833699999999,0.497018415,1.59797433,85.73914788,0.3994935825,0.0,0.0,0.0,4.0,215.0,1.0,0.0,0.0,0.0,0.0,0.0,0.0,0.29411902278661717,17.235788732767105,0.07352975569665429,0.670005366206169,27.206154257059094,0.16750134155154225,0.056862287223339,2.72496452927589,0.01421557180583475,1.6692300140857694,102.87431147694586,0.41730750352144236,1.2585111856460571,62.660548627376556,0.3146277964115143,0.0512721017003057,2.2982340138405477,0.012818025425076426
176297,16288,speculation,2,98.0,0.0,0.945,66.0,98.0,0.0,b5qqxt:b5rh8g,LEGACY:New Coin,True,2019-03-26,184.0,26_03_19,0.20526892000000002,18.37924492,0.10263446000000001,0.95091353,91.79230423,0.475456765,0.8438175,73.8284502,0.42190875,0.0,0.0,0.0,2.0,184.0,1.0,0.0,0.0,0.0,0.0,0.0,0.0,0.15119028836488718,14.97153065353632,0.07559514418244359,0.2458293512463569,21.245906107127663,0.12291467562317845,0.0248476425185799,2.2578075425699318,0.01242382125928995,1.0133647918701172,92.05225610733031,0.5066823959350586,0.5444550216197968,51.630337446928024,0.2722275108098984,0.0203129770234226,1.8421647055074506,0.0101564885117113
176248,16239,start,4,123.0,0.0,0.7525000000000001,87.0,123.0,0.0,b5qqxt:b5n5ia:b5kz41:b5sn89,LEGACY:TRADING:TRADING:nan,True,2019-03-26,250.0,26_03_19,0.45705413,27.006864899999997,0.1142635325,1.95373652,125.30287437999999,0.48843413,1.58920934,97.69025862,0.397302335,0.0,0.0,0.0,4.0,250.0,1.0,0.0,0.0,0.0,0.0,0.0,0.0,0.291329551488161,19.951167918741703,0.07283238787204024,0.5644309818744657,34.21839760243892,0.14110774546861643,0.0447941797319799,3.0928804245777384,0.011198544932994974,2.2414135336875916,127.43183267116545,0.5603533834218979,0.8236968144774436,62.879558965563774,0.2059242036193609,0.0343348879832772,2.426160533446807,0.0085837219958193
176274,16265,started,3,99.0,0.0,0.8533333333333334,66.0,99.0,0.0,b5qqxt:b5pzbb:b5q23f,LEGACY:EXCHANGE:nan,False,2019-03-26,195.0,26_03_19,0.31688994000000004,19.576116740000003,0.10562998000000001,1.4950453700000002,97.84200514999999,0.4983484566666667,1.1880646000000001,77.58187714,0.3960215333333334,0.0,0.0,0.0,3.0,195.0,1.0,0.0,0.0,0.0,0.0,0.0,0.0,0.21830636262893657,15.699238449335095,0.07276878754297886,0.5485394820570946,24.727130748331543,0.18284649401903152,0.0406379541382193,2.426496486179527,0.013545984712739767,1.1587335616350174,93.02848549187182,0.3862445205450058,0.9995991587638855,57.12125152349472,0.33319971958796185,0.0341833755373953,1.9973977450281308,0.0113944585124651
176270,16261,statement,3,100.0,0.0,0.7533333333333333,68.0,100.0,0.0,b5qqxt:b5ims1:b5q23f,LEGACY:FOCUSED-DISCUSSION:nan,True,2019-03-26,198.0,26_03_19,0.33236964,20.094854240000004,0.11078988000000001,1.46292003,98.76894363,0.48764001,1.20471018,79.13620023,0.40157006,0.0,0.0,0.0,3.0,198.0,1.0,0.0,0.0,0.0,0.0,0.0,0.0,0.22359087318181978,15.974557504057884,0.07453029106060659,0.4728328809142112,24.13770910352468,0.15761096030473706,0.043140196241438306,2.496832076460119,0.014380065413812768,1.4701471030712128,98.61926260590552,0.4900490343570709,0.7574348747730255,54.76054883003235,0.2524782915910085,0.032854047603905,2.011091564781956,0.010951349201301667
176273,16264,stellar,2,110.0,0.0,0.77,65.0,110.0,0.0,b5t22o:b5ssig,EXCHANGE:EXCHANGE,True,2019-03-26,195.0,26_03_19,0.21745482,24.27018772,0.10872741,0.99232114,99.39758146000001,0.49616057,0.79022395,71.33221286,0.395111975,0.0,0.0,0.0,2.0,195.0,1.0,0.0,0.0,0.0,0.0,0.0,0.0,0.1359895467758177,13.994751319289191,0.06799477338790885,0.4342981874942779,43.98976407945156,0.21714909374713895,0.028392459265887703,3.452350901439781,0.014196229632943851,0.6595024615526199,85.51568043231964,0.32975123077630997,0.7176218032836914,45.614340722560875,0.3588109016418457,0.0241954261437057,2.4330947529524405,0.01209771307185285
176464,16455,stop,3,24.0,0.0,0.7466666666666666,8.0,24.0,0.0,b5n5ia:b5v6q9:b5q23f,TRADING:EXCHANGE:nan,True,2019-03-26,62.0,26_03_19,0.3373004,6.83184112,0.11243346666666666,1.46472753,29.58372947,0.48824251,1.19797197,25.584428310000003,0.39932399,0.0,0.0,0.0,3.0,62.0,1.0,0.0,0.0,0.0,0.0,0.0,0.0,0.2254362553358077,4.623429283499716,0.07514541844526923,0.5441835001111031,11.16166105121374,0.18139450003703436,0.0452058389782905,0.9032517857849588,0.0150686129927635,1.1897962093353271,21.991045862436295,0.39659873644510907,0.9547108113765717,22.412463426589966,0.31823693712552387,0.040667370893061,0.9081500442698568,0.013555790297687
176328,16319,store,2,57.0,0.0,0.875,103.0,57.0,0.0,b5p598:b5sn89,TRADING:nan,True,2019-03-26,180.0,26_03_19,0.24388854,19.7890902,0.12194427,1.03256113,91.62909354,0.516280565,0.72355025,68.5818129,0.361775125,0.0,0.0,0.0,2.0,180.0,1.0,0.0,0.0,0.0,0.0,0.0,0.0,0.1669187471270561,14.91300170123577,0.08345937356352805,0.3836363181471824,27.079889640212055,0.1918181590735912,0.028944618999958004,2.3912415057420695,0.014472309499979002,0.9244310855865479,86.75229120254515,0.4622155427932739,0.4748316705226898,47.012756288051605,0.2374158352613449,0.0212374636903404,1.8508166167884985,0.0106187318451702
176462,16453,strategy,4,21.0,0.0,0.7725,2.0,21.0,0.0,b5k6za:b5nhlj:b5q23f:b5k8el,ADOPTION:Strategy:nan:Strategy,True,2019-03-26,63.0,26_03_19,0.46089746,7.183918080000001,0.115224365,1.8500483799999998,28.824797420000003,0.46251209499999996,1.689054,26.99128236,0.4222635,0.0,0.0,0.0,4.0,63.0,1.0,0.0,0.0,0.0,0.0,0.0,0.0,0.2386276721954345,3.677675947546958,0.05965691804885862,0.5169103816151619,7.522090926766396,0.12922759540379047,0.0543053783476352,0.8254403844475735,0.0135763445869088,2.212828129529953,35.46273294091225,0.5532070323824883,0.9363892823457716,14.881875157356259,0.2340973205864429,0.040939123369753194,0.6301846913993335,0.010234780842438299
176509,16500,strategy nan,3,20.0,0.0,0.8066666666666666,2.0,20.0,0.0,b5k6za:b5nhlj:b5k8el,ADOPTION:Strategy:Strategy,True,2019-03-26,52.0,26_03_19,0.33379674000000004,5.7858101600000005,0.11126558000000002,1.33804188,23.19272592,0.44601396,1.32816132,23.021462879999998,0.44272044,0.0,0.0,0.0,3.0,52.0,1.0,0.0,0.0,0.0,0.0,0.0,0.0,0.1662270873785019,2.8812695145606995,0.0554090291261673,0.2899068519473076,5.025052100419998,0.0966356173157692,0.0360128246247768,0.6242222934961312,0.0120042748749256,1.7560458183288574,30.438127517700195,0.5853486061096191,0.7234094291925428,12.539096772670742,0.24113647639751426,0.0283980527892708,0.4922329150140272,0.0094660175964236
176354,16345,subreddit,2,55.0,0.0,0.88,74.0,55.0,0.0,b5wjx4:b5vgle,nan:nan,True,2019-03-26,149.0,26_03_19,0.28996864,17.96083962,0.14498432,0.82906363,66.53084114,0.414531815,0.88096788,64.50834248,0.44048394,0.0,0.0,0.0,2.0,149.0,1.0,0.0,0.0,0.0,0.0,0.0,0.0,0.1975842118263244,12.027120232582085,0.0987921059131622,0.5951051265001296,38.09862461686133,0.2975525632500648,0.0434340238571166,3.0987314525991643,0.0217170119285583,0.6887380182743073,46.95358610153198,0.3443690091371536,0.43501308560371393,45.135295778512955,0.21750654280185697,0.0401254082098602,3.6866383058950203,0.0200627041049301
176584,16575,succeed,2,2.0,0.0,0.52,10.0,2.0,0.0,b5r0qb:b5ilt3,COMEDY:GENERAL-NEWS,False,2019-03-26,32.0,26_03_19,0.19887024,3.18192384,0.09943512,1.00544846,16.08717536,0.50272423,0.7956813,12.7309008,0.39784065,0.0,0.0,0.0,2.0,32.0,1.0,0.0,0.0,0.0,0.0,0.0,0.0,0.1646336317062378,2.6341381072998047,0.0823168158531189,0.2284825891256332,3.655721426010131,0.1142412945628166,0.0244909897446632,0.3918558359146112,0.0122454948723316,0.9984622001647948,15.975395202636715,0.4992311000823974,0.5639547109603882,9.023275375366211,0.2819773554801941,0.0199758987873792,0.3196143805980672,0.0099879493936896
176333,16324,success,2,47.0,0.0,0.83,105.0,47.0,0.0,b5p598:b5v1yl,TRADING:Analysis,True,2019-03-26,172.0,26_03_19,0.16284091,15.877843420000001,0.081420455,0.9978292,86.20951271999999,0.4989146,0.83932993,69.91264522,0.419664965,0.0,0.0,0.0,2.0,172.0,1.0,0.0,0.0,0.0,0.0,0.0,0.0,0.1713651046156883,14.387362405657768,0.08568255230784415,0.2643321827054023,20.868388846516606,0.13216609135270116,0.0215781209990382,2.007187580689785,0.0107890604995191,0.966370701789856,84.77663826942442,0.483185350894928,0.5582173466682434,48.30503475666046,0.2791086733341217,0.0181365851312875,1.6553906314074935,0.00906829256564375
176309,16300,suggest,2,96.0,0.0,0.78,66.0,96.0,0.0,b5qqxt:b5q23f,LEGACY:nan,True,2019-03-26,182.0,26_03_19,0.22653584,18.401513440000002,0.11326792,1.0147307300000001,91.59791483,0.5073653650000001,0.7587333300000001,72.00057063,0.37936666500000005,0.0,0.0,0.0,2.0,182.0,1.0,0.0,0.0,0.0,0.0,0.0,0.0,0.1547174006700515,14.87258194386959,0.07735870033502575,0.34124482423067093,22.032300196588036,0.17062241211533546,0.03053804859519,2.295197714120146,0.015269024297595,0.956013411283493,90.393123537302,0.4780067056417465,0.4949572086334228,50.560906171798706,0.2474786043167114,0.022529019974171997,1.845891122706228,0.011264509987085999
176415,16406,summit,4,48.0,0.0,0.7825,1.0,48.0,0.0,b5o50a:b5lvct:b5u1sd:b5o6xt,MEDIA:PRIVACY:FINANCE:nan,True,2019-03-26,89.0,26_03_19,0.47657257,10.74069969,0.1191431425,1.88479076,42.18281184,0.47119769,1.63863637,36.07648039,0.4096590925,0.0,0.0,0.0,4.0,89.0,1.0,0.0,0.0,0.0,0.0,0.0,0.0,0.3467207998037336,7.6625904291868165,0.0866801999509334,0.8772962540388106,19.49374489486217,0.21932406350970265,0.0654786080121992,1.4264579229056786,0.0163696520030498,1.4991233050823212,34.20061492919922,0.3747808262705803,1.1365973055362701,24.533605009317398,0.28414932638406754,0.07478375360369668,1.6829872112721178,0.01869593840092417
176506,16497,summit telegram,2,31.0,0.0,0.815,1.0,31.0,0.0,b5o50a:b5o6xt,MEDIA:nan,True,2019-03-26,52.0,26_03_19,0.25665506,6.67303156,0.12832753,0.9745406,25.3380556,0.4872703,0.768804,19.988904,0.384402,0.0,0.0,0.0,2.0,52.0,1.0,0.0,0.0,0.0,0.0,0.0,0.0,0.1636591553688048,4.255138039588925,0.0818295776844024,0.4325792491436004,11.24706047773361,0.2162896245718002,0.0281474515795706,0.7318337410688356,0.0140737257897853,0.85015070438385,22.1039183139801,0.425075352191925,0.485429972410202,12.621179282665253,0.242714986205101,0.0400334633886814,1.0408700481057163,0.0200167316943407
176492,16483,superorder,3,22.0,0.0,0.9,1.0,22.0,0.0,b5iplw:b5irzj:b5of28,SUPPORT:GENERAL-NEWS:nan,True,2019-03-26,53.0,26_03_19,0.38130216,6.73633816,0.12710072,1.5360195,27.1363445,0.5120065,1.08267804,19.12731204,0.36089268,0.0,0.0,0.0,3.0,53.0,1.0,0.0,0.0,0.0,0.0,0.0,0.0,0.21720175445079778,3.8372309952974275,0.0724005848169326,0.6810105890035629,12.031187072396278,0.2270035296678543,0.054877661168575204,0.9695053473114953,0.0182925537228584,1.3703469336032867,24.209462493658066,0.4567823112010956,0.6389395594596861,11.28793221712112,0.21297985315322868,0.0376232117414472,0.6646767407655672,0.0125410705804824
176496,16487,superorder basics,3,22.0,0.0,0.9,1.0,22.0,0.0,b5iplw:b5irzj:b5of28,SUPPORT:GENERAL-NEWS:nan,True,2019-03-26,53.0,26_03_19,0.38130216,6.73633816,0.12710072,1.5360195,27.1363445,0.5120065,1.08267804,19.12731204,0.36089268,0.0,0.0,0.0,3.0,53.0,1.0,0.0,0.0,0.0,0.0,0.0,0.0,0.21720175445079778,3.8372309952974275,0.0724005848169326,0.6810105890035629,12.031187072396278,0.2270035296678543,0.054877661168575204,0.9695053473114953,0.0182925537228584,1.3703469336032867,24.209462493658066,0.4567823112010956,0.6389395594596861,11.28793221712112,0.21297985315322868,0.0376232117414472,0.6646767407655672,0.0125410705804824
176457,16448,supply,4,24.0,0.0,0.8375,2.0,24.0,0.0,b5qpzg:b5o0bu:b5scok:b5rh8g,GENERAL-NEWS:MEDIA:EXCHANGE:New Coin,True,2019-03-26,66.0,26_03_19,0.46903512,7.7847794,0.11725878,1.7456894000000003,28.756807300000002,0.43642235000000007,1.7852754000000002,29.458412099999997,0.44631885000000004,0.0,0.0,0.0,4.0,66.0,1.0,0.0,0.0,0.0,0.0,0.0,0.0,0.41365833580493916,6.963526986539362,0.10341458395123479,0.9661740362644193,16.381693407893177,0.24154350906610483,0.060601821169257,1.0101232798770043,0.01515045529231425,1.5989922285079956,25.925829231739044,0.3997480571269989,0.9133898913860321,14.934412434697151,0.22834747284650803,0.0471838470548388,0.784417212940747,0.0117959617637097
176567,16558,supply chains,2,14.0,0.0,0.73,1.0,14.0,0.0,b5qpzg:b5o0bu,GENERAL-NEWS:MEDIA,True,2019-03-26,35.0,26_03_19,0.25736752,4.5039316,0.12868376,0.8493108,14.862939,0.4246554,0.8933217,15.633129749999998,0.44666085,0.0,0.0,0.0,2.0,35.0,1.0,0.0,0.0,0.0,0.0,0.0,0.0,0.2759113907814026,4.828449338674545,0.1379556953907013,0.7029979228973388,12.302463650703427,0.3514989614486694,0.0353975258767604,0.619456702843307,0.0176987629383802,0.5707248449325562,9.987684786319733,0.2853624224662781,0.3884345591068268,6.797604784369469,0.1942172795534134,0.0265337917953728,0.46434135641902397,0.0132668958976864
176424,16415,support,2,50.0,0.0,0.8600000000000001,14.0,50.0,0.0,b5t9hv:b5sn89,GENERAL-NEWS:nan,True,2019-03-26,84.0,26_03_19,0.25571900000000003,10.740198,0.12785950000000001,0.97585086,40.98573612,0.48792543,0.7684300399999999,32.27406168,0.38421501999999996,0.0,0.0,0.0,2.0,84.0,1.0,0.0,0.0,0.0,0.0,0.0,0.0,0.1400109604001045,5.880460336804388,0.07000548020005225,0.366030640900135,15.37328691780567,0.1830153204500675,0.028703399002552,1.205542758107184,0.014351699501276,1.0105485916137695,42.44304084777832,0.5052742958068848,0.43399079144000996,18.22761324048042,0.21699539572000498,0.0207155318930744,0.8700523395091248,0.0103577659465372
176653,16644,swiss,2,3.0,0.0,0.835,0.0,3.0,0.0,b5prdc:b5qpbs,GENERAL-NEWS:News,False,2019-03-26,23.0,26_03_19,0.29108208,3.3474439200000004,0.14554104,1.01850926,11.71285649,0.50925463,0.6904086,7.939698900000001,0.3452043,0.0,0.0,0.0,0.0,0.0,0.0,2.0,23.0,1.0,0.9176,10.552399999999999,0.4588,0.1389765292406082,1.598230086266994,0.0694882646203041,0.3040611445903778,3.496703162789345,0.1520305722951889,0.0324561074376106,0.37324523553252187,0.0162280537188053,0.8437952995300292,9.703645944595335,0.4218976497650146,0.6548335552215576,7.530585885047913,0.3274167776107788,0.0258773807436226,0.29758987855165986,0.0129386903718113
176646,16637,swiss online,2,3.0,0.0,0.835,0.0,3.0,0.0,b5prdc:b5qpbs,GENERAL-NEWS:News,True,2019-03-26,23.0,26_03_19,0.29108208,3.3474439200000004,0.14554104,1.01850926,11.71285649,0.50925463,0.6904086,7.939698900000001,0.3452043,0.0,0.0,0.0,0.0,0.0,0.0,2.0,23.0,1.0,0.9176,10.552399999999999,0.4588,0.1389765292406082,1.598230086266994,0.0694882646203041,0.3040611445903778,3.496703162789345,0.1520305722951889,0.0324561074376106,0.37324523553252187,0.0162280537188053,0.8437952995300292,9.703645944595335,0.4218976497650146,0.6548335552215576,7.530585885047913,0.3274167776107788,0.0258773807436226,0.29758987855165986,0.0129386903718113
176632,16623,taking,2,4.0,0.0,0.775,1.0,4.0,0.0,b5ralx:b5jlgu,EXCHANGE:nan,False,2019-03-26,25.0,26_03_19,0.28704871,3.57383114,0.143524355,0.90676815,11.2867779,0.453384075,0.80618318,10.139391580000002,0.40309159,0.0,0.0,0.0,2.0,25.0,1.0,0.0,0.0,0.0,0.0,0.0,0.0,0.1005936935544014,1.2574211694300175,0.0502968467772007,0.2351288199424742,2.939110249280928,0.1175644099712371,0.0155831538140772,0.194789422675965,0.0077915769070386,1.1050465106964111,13.81308138370514,0.5525232553482056,0.523065984249115,6.538324803113937,0.2615329921245575,0.020581843331456,0.25727304164320003,0.010290921665728
176500,16491,team,4,11.0,0.0,0.7575000000000001,2.0,11.0,0.0,b5scok:b5tss4:b5ocav:b5ng23,EXCHANGE:nan:nan:nan,True,2019-03-26,53.0,26_03_19,0.52890506,6.84309841,0.132226265,1.8323294300000001,24.23964621,0.45808235750000004,1.63876555,21.917255500000003,0.4096913875,0.0,0.0,0.0,3.0,41.0,0.75,1.0,12.0,0.25,0.4588,5.505599999999999,0.1147,0.2389554306864738,3.2304091565310946,0.05973885767161845,0.5187474489212034,6.896933317184446,0.12968686223030085,0.0444133551791308,0.6007815711200208,0.0111033387947827,2.0410778522491455,27.02521312236786,0.5102694630622864,1.1129604279994965,14.668858140707016,0.2782401069998741,0.0438455613330003,0.5778059801086736,0.010961390333250075
176432,16423,technical,2,23.0,0.0,0.7050000000000001,33.0,23.0,0.0,b5tnce:b5sn89,TRADING:nan,False,2019-03-26,76.0,26_03_19,0.27313718,10.44229148,0.13656859,0.9544923000000001,36.6914334,0.47724615000000004,0.7723704499999999,28.8662721,0.38618522499999997,0.0,0.0,0.0,2.0,76.0,1.0,0.0,0.0,0.0,0.0,0.0,0.0,0.2225576266646385,8.243774756789206,0.11127881333231925,0.6208939850330352,23.265555679798123,0.3104469925165176,0.034397887066006605,1.3031211532652356,0.017198943533003302,0.7105624079704285,27.56072175502777,0.35528120398521423,0.3870715945959091,14.703268736600874,0.19353579729795456,0.0245164101943372,0.9235540609806712,0.0122582050971686
176591,16582,technology,2,6.0,0.0,0.8,5.0,6.0,0.0,b5q1mz:b5rh8g,ADOPTION:New Coin,True,2019-03-26,31.0,26_03_19,0.20526892000000002,3.16567156,0.10263446000000001,0.95091353,14.875497039999999,0.475456765,0.8438175,12.95883075,0.42190875,0.0,0.0,0.0,2.0,31.0,1.0,0.0,0.0,0.0,0.0,0.0,0.0,0.15119028836488718,2.377057828009128,0.07559514418244359,0.2458293512463569,3.7669880390167227,0.12291467562317845,0.0248476425185799,0.3842468271031967,0.01242382125928995,1.0133647918701172,15.669897794723509,0.5066823959350586,0.5444550216197968,8.487802058458328,0.2722275108098984,0.0203129770234226,0.31400844827294183,0.0101564885117113
176502,16493,telegram,2,31.0,0.0,0.815,1.0,31.0,0.0,b5o50a:b5o6xt,MEDIA:nan,True,2019-03-26,52.0,26_03_19,0.25665506,6.67303156,0.12832753,0.9745406,25.3380556,0.4872703,0.768804,19.988904,0.384402,0.0,0.0,0.0,2.0,52.0,1.0,0.0,0.0,0.0,0.0,0.0,0.0,0.1636591553688048,4.255138039588925,0.0818295776844024,0.4325792491436004,11.24706047773361,0.2162896245718002,0.0281474515795706,0.7318337410688356,0.0140737257897853,0.85015070438385,22.1039183139801,0.425075352191925,0.485429972410202,12.621179282665253,0.242714986205101,0.0400334633886814,1.0408700481057163,0.0200167316943407
176508,16499,telegram group,2,31.0,0.0,0.815,1.0,31.0,0.0,b5o50a:b5o6xt,MEDIA:nan,True,2019-03-26,52.0,26_03_19,0.25665506,6.67303156,0.12832753,0.9745406,25.3380556,0.4872703,0.768804,19.988904,0.384402,0.0,0.0,0.0,2.0,52.0,1.0,0.0,0.0,0.0,0.0,0.0,0.0,0.1636591553688048,4.255138039588925,0.0818295776844024,0.4325792491436004,11.24706047773361,0.2162896245718002,0.0281474515795706,0.7318337410688356,0.0140737257897853,0.85015070438385,22.1039183139801,0.425075352191925,0.485429972410202,12.621179282665253,0.242714986205101,0.0400334633886814,1.0408700481057163,0.0200167316943407
176352,16343,term,2,35.0,0.0,0.745,94.0,35.0,0.0,b5p598:b5q23f,TRADING:nan,True,2019-03-26,149.0,26_03_19,0.22653584,15.12015448,0.11326792,1.0147307300000001,75.00801523999999,0.5073653650000001,0.7587333300000001,58.87182918,0.37936666500000005,0.0,0.0,0.0,2.0,149.0,1.0,0.0,0.0,0.0,0.0,0.0,0.0,0.1547174006700515,12.156127020716667,0.07735870033502575,0.34124482423067093,18.26233747601509,0.17062241211533546,0.03053804859519,1.8910963833332033,0.015269024297595,0.956013411283493,73.91849723458289,0.4780067056417465,0.4949572086334228,41.2556534409523,0.2474786043167114,0.022529019974171997,1.5162887927144713,0.011264509987085999
176608,16599,test,2,6.0,0.0,0.765,4.0,6.0,0.0,b5n5ia:b5q23f,TRADING:nan,True,2019-03-26,30.0,26_03_19,0.22653584,3.2873752,0.11326792,1.0147307300000001,15.18383187,0.5073653650000001,0.7587333300000001,11.528791830000001,0.37936666500000005,0.0,0.0,0.0,2.0,30.0,1.0,0.0,0.0,0.0,0.0,0.0,0.0,0.1547174006700515,2.3604259341955176,0.07735870033502575,0.34124482423067093,4.667623423039913,0.17062241211533546,0.03053804859519,0.4338824935257428,0.015269024297595,0.956013411283493,14.509996324777601,0.4780067056417465,0.4949572086334228,7.700348138809204,0.2474786043167114,0.022529019974171997,0.3277228148654088,0.011264509987085999
176477,16468,testing,2,26.0,0.0,0.74,10.0,26.0,0.0,b5ralx:b5sn89,EXCHANGE:nan,False,2019-03-26,56.0,26_03_19,0.28321852999999997,8.009755179999999,0.14160926499999998,0.96727965,28.3773483,0.483639825,0.7495018,19.612894,0.3747509,0.0,0.0,0.0,2.0,56.0,1.0,0.0,0.0,0.0,0.0,0.0,0.0,0.1348987780511379,4.2574369683861715,0.06744938902556895,0.3869594335556029,12.960492730140682,0.19347971677780146,0.024490701034665004,0.8104452900588492,0.012245350517332502,0.977723240852356,25.593724966049194,0.488861620426178,0.4543873071670532,11.761343121528624,0.2271936535835266,0.0215404359623788,0.6165525037795256,0.0107702179811894
176365,16356,theft,2,82.0,0.0,0.96,39.0,82.0,0.0,b5vza2:b5vyfa,SECURITY:SECURITY,True,2019-03-26,141.0,26_03_19,0.25249558,19.29049947,0.12624779,0.85589391,61.470520259999994,0.427946955,0.89161064,60.238988840000005,0.44580532,0.0,0.0,0.0,2.0,141.0,1.0,0.0,0.0,0.0,0.0,0.0,0.0,0.0923908352851867,7.001623954623937,0.04619541764259335,0.1841177791357039,16.01546035706996,0.09205888956785195,0.0113956427667289,1.0525497223716114,0.00569782138336445,1.3702746033668518,80.82328802347183,0.6851373016834259,0.32842078059911717,34.73505464941263,0.16421039029955858,0.0134003965649752,1.3720240404363593,0.0067001982824876
176364,16355,theft gone,2,82.0,0.0,0.96,39.0,82.0,0.0,b5vza2:b5vyfa,SECURITY:SECURITY,True,2019-03-26,141.0,26_03_19,0.25249558,19.29049947,0.12624779,0.85589391,61.470520259999994,0.427946955,0.89161064,60.238988840000005,0.44580532,0.0,0.0,0.0,2.0,141.0,1.0,0.0,0.0,0.0,0.0,0.0,0.0,0.0923908352851867,7.001623954623937,0.04619541764259335,0.1841177791357039,16.01546035706996,0.09205888956785195,0.0113956427667289,1.0525497223716114,0.00569782138336445,1.3702746033668518,80.82328802347183,0.6851373016834259,0.32842078059911717,34.73505464941263,0.16421039029955858,0.0134003965649752,1.3720240404363593,0.0067001982824876
176631,16622,theory,2,5.0,0.0,0.66,0.0,5.0,0.0,b5nuw3:b5q23f,TRADING:nan,True,2019-03-26,25.0,26_03_19,0.25578448,3.19968056,0.12789224,0.9366619,11.577247100000001,0.46833095,0.8075535300000001,10.22307138,0.40377676500000004,0.0,0.0,0.0,2.0,25.0,1.0,0.0,0.0,0.0,0.0,0.0,0.0,0.2103562802076339,2.7277861684560767,0.10517814010381694,0.5785024911165237,7.418024286627769,0.28925124555826187,0.0359913166612386,0.4490007720887652,0.0179956583306193,0.7421447336673737,9.019679337739944,0.37107236683368683,0.4071971327066421,5.061820298433304,0.20359856635332105,0.025807966478168798,0.323688318952916,0.012903983239084399
176233,16224,thing,3,130.0,0.0,0.7933333333333333,160.0,130.0,0.0,b5qqxt:b5p598:b5q23f,LEGACY:TRADING:nan,True,2019-03-26,320.0,26_03_19,0.32597096000000003,32.123560000000005,0.10865698666666668,1.51745496,160.97385857,0.50581832,1.1565739800000001,126.90258032999999,0.38552466,0.0,0.0,0.0,3.0,320.0,1.0,0.0,0.0,0.0,0.0,0.0,0.0,0.2370342165231704,26.2323025316,0.07901140550772347,0.45548611879348755,37.797598846256726,0.15182870626449585,0.0427835434675216,3.985076006501907,0.014261181155840533,1.4552445113658905,159.28701534867284,0.4850815037886302,0.7769345641136169,89.47378122806549,0.2589781880378723,0.032516969367861595,3.224228139035393,0.010838989789287198
176601,16592,think,2,6.0,0.0,0.765,4.0,6.0,0.0,b5n5ia:b5q23f,TRADING:nan,True,2019-03-26,30.0,26_03_19,0.22653584,3.2873752,0.11326792,1.0147307300000001,15.18383187,0.5073653650000001,0.7587333300000001,11.528791830000001,0.37936666500000005,0.0,0.0,0.0,2.0,30.0,1.0,0.0,0.0,0.0,0.0,0.0,0.0,0.1547174006700515,2.3604259341955176,0.07735870033502575,0.34124482423067093,4.667623423039913,0.17062241211533546,0.03053804859519,0.4338824935257428,0.015269024297595,0.956013411283493,14.509996324777601,0.4780067056417465,0.4949572086334228,7.700348138809204,0.2474786043167114,0.022529019974171997,0.3277228148654088,0.011264509987085999
176250,16241,thought,2,138.0,0.0,0.875,85.0,138.0,0.0,b5qqxt:b5ktsr,LEGACY:COMEDY,True,2019-03-26,243.0,26_03_19,0.21316559000000002,25.19199936,0.10658279500000001,0.9211753899999999,116.09432685,0.46058769499999996,0.8656590900000001,101.71367882999999,0.43282954500000004,0.0,0.0,0.0,2.0,243.0,1.0,0.0,0.0,0.0,0.0,0.0,0.0,0.1244108043611049,17.106942683458325,0.06220540218055245,0.18079466372728342,24.32710395008325,0.09039733186364171,0.0158495607320219,2.3534723650664056,0.00792478036601095,1.3169824481010437,144.2466151714325,0.6584912240505219,0.34886514395475376,53.03404855728149,0.17443257197737688,0.0130974242929368,1.93182153906672,0.0065487121464684
176503,16494,ticket,2,31.0,0.0,0.815,1.0,31.0,0.0,b5o50a:b5o6xt,MEDIA:nan,True,2019-03-26,52.0,26_03_19,0.25665506,6.67303156,0.12832753,0.9745406,25.3380556,0.4872703,0.768804,19.988904,0.384402,0.0,0.0,0.0,2.0,52.0,1.0,0.0,0.0,0.0,0.0,0.0,0.0,0.1636591553688048,4.255138039588925,0.0818295776844024,0.4325792491436004,11.24706047773361,0.2162896245718002,0.0281474515795706,0.7318337410688356,0.0140737257897853,0.85015070438385,22.1039183139801,0.425075352191925,0.485429972410202,12.621179282665253,0.242714986205101,0.0400334633886814,1.0408700481057163,0.0200167316943407
176504,16495,ticket nan,2,31.0,0.0,0.815,1.0,31.0,0.0,b5o50a:b5o6xt,MEDIA:nan,True,2019-03-26,52.0,26_03_19,0.25665506,6.67303156,0.12832753,0.9745406,25.3380556,0.4872703,0.768804,19.988904,0.384402,0.0,0.0,0.0,2.0,52.0,1.0,0.0,0.0,0.0,0.0,0.0,0.0,0.1636591553688048,4.255138039588925,0.0818295776844024,0.4325792491436004,11.24706047773361,0.2162896245718002,0.0281474515795706,0.7318337410688356,0.0140737257897853,0.85015070438385,22.1039183139801,0.425075352191925,0.485429972410202,12.621179282665253,0.242714986205101,0.0400334633886814,1.0408700481057163,0.0200167316943407
176210,16201,time,7,388.0,0.0,0.7357142857142857,147.0,388.0,0.0,b5oixc:b5qqxt:b5ims1:b5n5ia:b5lkjl:b5q23f:b5v1yl,TRADING:LEGACY:FOCUSED-DISCUSSION:TRADING:FINANCE:nan:Analysis,True,2019-03-26,605.0,26_03_19,0.7004794700000001,61.53469810000001,0.10006849571428574,3.41166276,284.41316941,0.4873803942857143,2.88785761,259.0521148,0.41255108714285715,0.0,0.0,0.0,7.0,605.0,1.0,0.0,0.0,0.0,0.0,0.0,0.0,0.5461462661623953,45.09530486911534,0.07802089516605647,0.9829944148659704,77.80274157971141,0.14042777355228148,0.0895659597590564,7.50404285360126,0.01279513710843663,3.449882596731186,305.8267983496189,0.492840370961598,1.8601072430610657,162.64186868071556,0.2657296061515808,0.07130360975861509,6.129268138669391,0.010186229965516441
176649,16640,times,2,2.0,0.0,0.5900000000000001,1.0,2.0,0.0,b5q23f:b5ng23,nan:nan,True,2019-03-26,23.0,26_03_19,0.27264176,3.1446004,0.13632088,1.02126113,11.74312706,0.510630565,0.7060969800000001,8.112271080000001,0.35304849000000005,0.0,0.0,0.0,1.0,11.0,0.5,1.0,12.0,0.5,0.4588,5.505599999999999,0.2294,0.14188884943723667,1.6302656084299076,0.07094442471861834,0.3790341019630432,4.321405693888664,0.1895170509815216,0.0345206074416637,0.39595473557710603,0.01726030372083185,0.8786799609661102,10.087377220392227,0.4393399804830551,0.5403966307640076,6.271779716014862,0.2701983153820038,0.0254797609522937,0.293216060847042,0.01273988047614685
176448,16439,today,4,15.0,0.0,0.77,13.0,15.0,0.0,b5n5ia:b5pzbb:b5scok:b5kz41,TRADING:EXCHANGE:EXCHANGE:TRADING,True,2019-03-26,68.0,26_03_19,0.40935349,7.01602744,0.1023383725,1.84967933,31.395378970000003,0.4624198325,1.7409672100000002,29.58859408,0.43524180250000005,0.0,0.0,0.0,4.0,68.0,1.0,0.0,0.0,0.0,0.0,0.0,0.0,0.2568732388317583,4.388090305030343,0.06421830970793957,0.5196773782372472,8.43196081370115,0.1299193445593118,0.0385516139212995,0.6556750177405762,0.009637903480324875,2.033836290240288,36.094683572649956,0.508459072560072,1.1159847602248192,17.846493288874626,0.2789961900562048,0.0350768074858931,0.5830987063236489,0.008769201871473275
176391,16382,token,8,22.0,0.0,0.78875,3.0,22.0,0.0,b5rlek:b5lmuv:b5lkjl:b5ut23:b5r2ro:b5rh8g:b5r4il:b5q23f,TRADING:GENERAL-NEWS:FINANCE:RELEASE:News:New Coin:nan:nan,True,2019-03-26,105.0,26_03_19,0.8979636599999998,11.958175579999999,0.1122454575,3.91411029,51.505862390000004,0.48926378625,3.1879257500000002,41.53595728,0.39849071875,0.0,0.0,0.0,8.0,105.0,1.0,0.0,0.0,0.0,0.0,0.0,0.0,0.594795204699039,7.761294126510614,0.07434940058737989,1.5318602696061132,20.399211697280407,0.19148253370076418,0.120174749754369,1.6121996790170638,0.015021843719296126,3.5302763879299164,46.547394186258316,0.44128454849123955,2.1202825009822845,27.33903220295906,0.26503531262278557,0.1026108833029861,1.3408670676872065,0.012826360412873262
176337,16328,tokens,7,78.0,0.0,0.7414285714285713,18.0,78.0,0.0,b5q1fp:b5qrfx:b5qr7r:b5v6q9:b5rh8g:b5q23f:b5pzvl,GENERAL-NEWS:EXCHANGE:MEDIA:EXCHANGE:New Coin:nan:News,True,2019-03-26,166.0,26_03_19,0.76106392,17.53559972,0.10872341714285715,3.2931047700000002,78.55463259999999,0.4704435385714286,2.94583118,69.90976646,0.4208330257142857,0.0,0.0,0.0,7.0,166.0,1.0,0.0,0.0,0.0,0.0,0.0,0.0,0.5876737460494039,13.608901076018807,0.08395339229277199,1.5114419832825658,32.87316855788231,0.21592028332608085,0.10231762006878829,2.268800823017951,0.014616802866969756,2.465498223900795,57.55938021838664,0.35221403198582785,2.2437865287065506,57.58071866631508,0.3205409326723644,0.0892819957807656,2.109033492393783,0.012754570825823656
176423,16414,tokens nan,3,44.0,0.0,0.7933333333333333,11.0,44.0,0.0,b5qrfx:b5qr7r:b5v6q9,EXCHANGE:MEDIA:EXCHANGE,True,2019-03-26,85.0,26_03_19,0.32980242000000004,9.099826420000001,0.10993414000000001,1.35496684,38.74338872,0.4516556133333333,1.31523076,37.156785389999996,0.43841025333333333,0.0,0.0,0.0,3.0,85.0,1.0,0.0,0.0,0.0,0.0,0.0,0.0,0.2722635120153426,7.120553001761432,0.0907545040051142,0.7617322951555251,20.364740565419194,0.2539107650518417,0.042466458864510004,1.156641433946787,0.014155486288170002,0.7218653708696365,19.878062948584557,0.24062179028987885,1.1586128324270248,35.2496452331543,0.38620427747567493,0.043059602379798695,1.230358880944545,0.014353200793266232
176606,16597,total,2,5.0,0.0,0.595,5.0,5.0,0.0,b5n5ia:b5pzvl,TRADING:News,False,2019-03-26,30.0,26_03_19,0.19832697999999999,2.9770777400000004,0.09916348999999999,0.97794213,14.77915727,0.488971065,0.82373089,12.243764989999999,0.411865445,0.0,0.0,0.0,2.0,30.0,1.0,0.0,0.0,0.0,0.0,0.0,0.0,0.1741361767053604,2.5740324705839157,0.0870680883526802,0.3911181017756462,5.216229476034641,0.1955590508878231,0.028956459835171602,0.4164850171655404,0.014478229917585801,0.7727168500423431,12.493734151124952,0.38635842502117157,0.6097161769866943,8.96269679069519,0.30485808849334717,0.023356295190751497,0.33682284224778325,0.011678147595375749
176453,16444,track,3,12.0,0.0,0.7533333333333333,25.0,12.0,0.0,b5s2c1:b5rh8g:b5q23f,GENERAL-NEWS:New Coin:nan,True,2019-03-26,67.0,26_03_19,0.37847556,9.032212040000001,0.12615852,1.4694504300000002,33.35648149,0.48981681000000005,1.15207383,24.611303430000003,0.38402461,0.0,0.0,0.0,2.0,24.0,0.6666666666666666,1.0,43.0,0.3333333333333333,0.4588,19.7284,0.15293333333333334,0.210762321949005,4.679756954312323,0.070254107316335,0.5106221586465836,10.744998171925545,0.17020738621552786,0.047122755087912,1.0628523202612983,0.015707585029304,1.39281365275383,29.849942356348034,0.46427121758461,0.8028742969036102,19.83390948176384,0.26762476563453674,0.0358047885820267,0.8285408215597213,0.011934929527342234
176197,16188,trade,4,32.0,0.0,0.7525,619.0,32.0,0.0,b5imxn:b5rh8g:b5nj4y:b5v1yl,FOCUSED-DISCUSSION:New Coin:Sentiment:Analysis,True,2019-03-26,691.0,26_03_19,0.36132914000000005,45.01774472,0.09033228500000001,1.86305464,340.80313485999994,0.46576366,1.77561626,305.17914659,0.443904065,0.0,0.0,0.0,4.0,691.0,1.0,0.0,0.0,0.0,0.0,0.0,0.0,0.3849257454276084,61.759168989956365,0.0962314363569021,0.7832687944173811,105.48634763061997,0.19581719860434527,0.0489661628380417,6.575009801425039,0.012241540709510425,1.7337753176689148,321.5866161584854,0.4334438294172287,1.0091749280691147,189.8826965689659,0.25229373201727867,0.0398891950026152,5.71018299087879,0.0099722987506538
176491,16482,traderschat,3,22.0,0.0,0.9,1.0,22.0,0.0,b5iplw:b5irzj:b5of28,SUPPORT:GENERAL-NEWS:nan,False,2019-03-26,53.0,26_03_19,0.38130216,6.73633816,0.12710072,1.5360195,27.1363445,0.5120065,1.08267804,19.12731204,0.36089268,0.0,0.0,0.0,3.0,53.0,1.0,0.0,0.0,0.0,0.0,0.0,0.0,0.21720175445079778,3.8372309952974275,0.0724005848169326,0.6810105890035629,12.031187072396278,0.2270035296678543,0.054877661168575204,0.9695053473114953,0.0182925537228584,1.3703469336032867,24.209462493658066,0.4567823112010956,0.6389395594596861,11.28793221712112,0.21297985315322868,0.0376232117414472,0.6646767407655672,0.0125410705804824
176498,16489,traderschat nan,3,22.0,0.0,0.9,1.0,22.0,0.0,b5iplw:b5irzj:b5of28,SUPPORT:GENERAL-NEWS:nan,True,2019-03-26,53.0,26_03_19,0.38130216,6.73633816,0.12710072,1.5360195,27.1363445,0.5120065,1.08267804,19.12731204,0.36089268,0.0,0.0,0.0,3.0,53.0,1.0,0.0,0.0,0.0,0.0,0.0,0.0,0.21720175445079778,3.8372309952974275,0.0724005848169326,0.6810105890035629,12.031187072396278,0.2270035296678543,0.054877661168575204,0.9695053473114953,0.0182925537228584,1.3703469336032867,24.209462493658066,0.4567823112010956,0.6389395594596861,11.28793221712112,0.21297985315322868,0.0376232117414472,0.6646767407655672,0.0125410705804824
176330,16321,trading,7,83.0,0.0,0.7685714285714286,25.0,83.0,0.0,b5ogf7:b5qrfx:b5ims1:b5pzbb:b5tghd:b5sn89:b5q23f,COMEDY:EXCHANGE:FOCUSED-DISCUSSION:EXCHANGE:GENERAL-NEWS:nan:nan,True,2019-03-26,178.0,26_03_19,0.7969700200000001,22.53645521,0.11385286000000001,3.4715507800000003,91.96789054,0.49593582571428574,2.73147911,63.49565036,0.3902113014285714,0.0,0.0,0.0,7.0,178.0,1.0,0.0,0.0,0.0,0.0,0.0,0.0,0.5344657227396961,14.254989899694912,0.07635224610567086,1.8430439233779905,50.8172730654478,0.26329198905399864,0.119336183182895,3.090925967320796,0.017048026168985,2.3693860173225403,57.69627928733825,0.3384837167603629,2.0334691405296326,49.467948600649834,0.2904955915042332,0.1002987250685687,2.6725755184888715,0.014328389295509813
176639,16630,trading cryptocurrency,2,3.0,0.0,0.75,1.0,3.0,0.0,b5pzbb:b5tghd,EXCHANGE:GENERAL-NEWS,True,2019-03-26,24.0,26_03_19,0.16839721000000002,2.03307751,0.08419860500000001,0.92590124,11.14554292,0.46295062,0.90570169,10.82138113,0.452850845,0.0,0.0,0.0,2.0,24.0,1.0,0.0,0.0,0.0,0.0,0.0,0.0,0.15030065923929198,1.7804851755499822,0.07515032961964599,0.6038716286420821,7.05717723071575,0.30193581432104105,0.0383461927995085,0.4420079318806521,0.01917309639975425,0.5018698424100875,5.92600856721401,0.25093492120504374,0.672771230340004,8.409767434000969,0.336385615170002,0.0328403441235422,0.3845524964854108,0.0164201720617711
176264,16255,transaction,2,118.0,0.0,0.91,75.0,118.0,0.0,b5qqxt:b5sn89,LEGACY:nan,True,2019-03-26,213.0,26_03_19,0.24388854,23.070449160000003,0.12194427,1.03256113,108.21899313,0.516280565,0.72355025,81.71055435,0.361775125,0.0,0.0,0.0,2.0,213.0,1.0,0.0,0.0,0.0,0.0,0.0,0.0,0.1669187471270561,17.629456624388695,0.08345937356352805,0.3836363181471824,30.849852360785,0.1918181590735912,0.028944618999958004,2.7953428365290125,0.014472309499979002,0.9244310855865479,103.22691750526427,0.4622155427932739,0.4748316705226898,56.31800901889801,0.2374158352613449,0.0212374636903404,2.180418946780255,0.0106187318451702
176493,16484,transactions,2,23.0,0.0,0.665,10.0,23.0,0.0,b5lkjl:b5sn89,FINANCE:nan,True,2019-03-26,53.0,26_03_19,0.24388854,7.160829959999999,0.12194427,1.03256113,27.783116330000002,0.516280565,0.72355025,18.05605035,0.361775125,0.0,0.0,0.0,2.0,53.0,1.0,0.0,0.0,0.0,0.0,0.0,0.0,0.1669187471270561,4.4587660878896695,0.08345937356352805,0.3836363181471824,12.571245230734347,0.1918181590735912,0.028944618999958004,0.8360636569559564,0.014472309499979002,0.9244310855865479,23.34994149208069,0.4622155427932739,0.4748316705226898,11.201632142066954,0.2374158352613449,0.0212374636903404,0.5823470437899192,0.0106187318451702
176355,16346,transparency,2,55.0,0.0,0.88,74.0,55.0,0.0,b5wjx4:b5tngd,nan:nan,True,2019-03-26,149.0,26_03_19,0.22214234,17.21475032,0.11107117,0.9002455300000001,67.31384204,0.45012276500000004,0.87761225,64.47143055,0.438806125,0.0,0.0,0.0,2.0,149.0,1.0,0.0,0.0,0.0,0.0,0.0,0.0,0.1464616134762763,11.464771650731556,0.07323080673813814,0.3800326883792876,35.73282779753207,0.1900163441896438,0.0332396058365702,2.986592854373154,0.0166198029182851,0.8241924941539764,48.44358533620834,0.4120962470769882,0.5801953971385956,46.73230120539665,0.2900976985692978,0.0358782466500996,3.6399195287376536,0.0179391233250498
176435,16426,transparent,2,44.0,0.0,0.875,12.0,44.0,0.0,b5k924:b5rh8g,POLITICS:New Coin,True,2019-03-26,76.0,26_03_19,0.24459891,10.11804133,0.122299455,0.88563205,33.38535415,0.442816025,0.8697690499999999,32.49660765,0.43488452499999997,0.0,0.0,0.0,2.0,76.0,1.0,0.0,0.0,0.0,0.0,0.0,0.0,0.119170319288969,4.064056489616632,0.0595851596444845,0.2491524666547774,9.117202565073962,0.1245762333273887,0.0203937245532869,0.6546972645446597,0.01019686227664345,1.0666569471359253,41.49270308017731,0.5333284735679626,0.5240106582641602,19.888788163661957,0.2620053291320801,0.020615949295461,0.782553424127393,0.0103079746477305
176563,16554,transport,2,14.0,0.0,0.73,1.0,14.0,0.0,b5qpzg:b5o0bu,GENERAL-NEWS:MEDIA,True,2019-03-26,35.0,26_03_19,0.25736752,4.5039316,0.12868376,0.8493108,14.862939,0.4246554,0.8933217,15.633129749999998,0.44666085,0.0,0.0,0.0,2.0,35.0,1.0,0.0,0.0,0.0,0.0,0.0,0.0,0.2759113907814026,4.828449338674545,0.1379556953907013,0.7029979228973388,12.302463650703427,0.3514989614486694,0.0353975258767604,0.619456702843307,0.0176987629383802,0.5707248449325562,9.987684786319733,0.2853624224662781,0.3884345591068268,6.797604784369469,0.1942172795534134,0.0265337917953728,0.46434135641902397,0.0132668958976864
176571,16562,transport deep,2,14.0,0.0,0.73,1.0,14.0,0.0,b5qpzg:b5o0bu,GENERAL-NEWS:MEDIA,True,2019-03-26,35.0,26_03_19,0.25736752,4.5039316,0.12868376,0.8493108,14.862939,0.4246554,0.8933217,15.633129749999998,0.44666085,0.0,0.0,0.0,2.0,35.0,1.0,0.0,0.0,0.0,0.0,0.0,0.0,0.2759113907814026,4.828449338674545,0.1379556953907013,0.7029979228973388,12.302463650703427,0.3514989614486694,0.0353975258767604,0.619456702843307,0.0176987629383802,0.5707248449325562,9.987684786319733,0.2853624224662781,0.3884345591068268,6.797604784369469,0.1942172795534134,0.0265337917953728,0.46434135641902397,0.0132668958976864
176657,16648,trend,2,1.0,0.0,0.485,2.0,1.0,0.0,b5jy60:b5q23f,TRADING:nan,True,2019-03-26,23.0,26_03_19,0.25578448,2.94231304,0.12789224,0.9366619,10.7279363,0.46833095,0.8075535300000001,9.32974968,0.40377676500000004,0.0,0.0,0.0,2.0,23.0,1.0,0.0,0.0,0.0,0.0,0.0,0.0,0.2103562802076339,2.451874777674674,0.10517814010381694,0.5785024911165237,6.71502636373043,0.28925124555826187,0.0359913166612386,0.41360324621200484,0.0179956583306193,0.7421447336673737,8.448954492807388,0.37107236683368683,0.4071971327066421,4.673385739326477,0.20359856635332105,0.025807966478168798,0.2971545271575432,0.012903983239084399
176588,16579,trends,2,4.0,0.0,0.49,8.0,4.0,0.0,b5nuw3:b5kz41,TRADING:TRADING,True,2019-03-26,32.0,26_03_19,0.24241423,3.8487210999999997,0.121207115,0.8431065600000001,13.47729648,0.42155328000000003,0.9144792900000001,14.67398382,0.45723964500000003,0.0,0.0,0.0,2.0,32.0,1.0,0.0,0.0,0.0,0.0,0.0,0.0,0.1800496838986873,2.689071528613566,0.09002484194934365,0.4180523306131362,6.118946105241774,0.2090261653065681,0.0213028287980705,0.3126558666117482,0.01065141439903525,1.1031137704849243,18.714598178863525,0.5515568852424622,0.26110506802797306,3.923022106289862,0.13055253401398653,0.0163763707969336,0.2417070907540592,0.0081881853984668
176353,16344,tried,2,55.0,0.0,0.7150000000000001,74.0,55.0,0.0,b5wjx4:b5q23f,nan:nan,False,2019-03-26,149.0,26_03_19,0.24340926000000002,17.448686440000003,0.12170463000000001,0.96406273,68.01583124,0.482031365,0.7925280800000001,63.535504679999995,0.39626404000000004,0.0,0.0,0.0,2.0,149.0,1.0,0.0,0.0,0.0,0.0,0.0,0.0,0.1499887257814406,11.503569886088364,0.0749943628907203,0.4754481613636016,36.78239800035952,0.2377240806818008,0.0389300119131803,3.049187321215865,0.01946500595659015,0.7668411135673523,47.81272014975548,0.38342055678367615,0.5306975841522217,46.18782526254654,0.26534879207611084,0.038094289600849,3.664296001195897,0.0190471448004245
176301,16292,tron,2,96.0,0.0,0.945,67.0,96.0,0.0,b5qqxt:b5wav2,LEGACY:nan,True,2019-03-26,183.0,26_03_19,0.22653584,18.52861416,0.11326792,1.0147307300000001,92.10992132999999,0.5073653650000001,0.7587333300000001,72.36146331,0.37936666500000005,0.0,0.0,0.0,2.0,183.0,1.0,0.0,0.0,0.0,0.0,0.0,0.0,0.1547174006700515,14.944982528686522,0.07735870033502575,0.34124482423067093,22.25930372625589,0.17062241211533546,0.03053804859519,2.3134902678430045,0.015269024297595,0.956013411283493,90.8499058485031,0.4780067056417465,0.4949572086334228,50.773886024951935,0.2474786043167114,0.022529019974171997,1.8584321932867103,0.011264509987085999
176534,16525,try,2,14.0,0.0,0.92,11.0,14.0,0.0,b5vgle:b5v1yl,nan:Analysis,True,2019-03-26,45.0,26_03_19,0.23706589,4.06605796,0.118532945,0.87211237,20.98065038,0.436056185,0.8908217599999999,19.9532928,0.44541087999999995,0.0,0.0,0.0,2.0,45.0,1.0,0.0,0.0,0.0,0.0,0.0,0.0,0.2090443596243858,4.34759859740734,0.1045221798121929,0.496751382946968,8.91635563969612,0.248375691473484,0.0321291917935013,0.5680715106427661,0.01606459589675065,0.845818817615509,20.048217833042145,0.4229094088077545,0.39353534579277033,10.682408601045609,0.19676767289638517,0.0227208249270915,0.4373476961627582,0.01136041246354575
176230,16221,trying,4,162.0,0.0,0.7725,148.0,162.0,0.0,b5qqxt:b5ims1:b5wjx4:b5uygg,LEGACY:FOCUSED-DISCUSSION:nan:EXCHANGE,False,2019-03-26,350.0,26_03_19,0.43292926000000004,37.53111984,0.10823231500000001,1.91175896,168.24036187,0.47793974,1.6553119299999999,144.2285417,0.41382798249999997,0.0,0.0,0.0,4.0,350.0,1.0,0.0,0.0,0.0,0.0,0.0,0.0,0.325418747961521,28.301322489976876,0.08135468699038025,0.7772743925452231,63.00103969126938,0.19431859813630578,0.0623527029529213,5.565273271873587,0.015588175738230325,1.7082432806491852,146.0032640695572,0.4270608201622963,1.0638586580753326,101.30496495962143,0.26596466451883316,0.0628522010520098,5.824134138412755,0.01571305026300245
176524,16515,turning,2,14.0,0.0,0.755,14.0,14.0,0.0,b5tpex:b5v1yl,POLITICS:Analysis,False,2019-03-26,48.0,26_03_19,0.19208955,3.9573695000000004,0.096044775,0.91976037,22.77874458,0.459880185,0.88815013,21.26388742,0.444075065,0.0,0.0,0.0,2.0,48.0,1.0,0.0,0.0,0.0,0.0,0.0,0.0,0.2270039841532707,4.959021553397178,0.11350199207663535,0.5015898495912551,10.024075657129284,0.25079492479562754,0.0270313890650868,0.5650919694453472,0.0135156945325434,0.7525020241737366,19.877820372581482,0.3762510120868683,0.4704572707414627,12.111201614141464,0.23522863537073135,0.0214155316352843,0.4627901576459382,0.01070776581764215
176470,16461,twitch,2,24.0,0.0,0.655,16.0,24.0,0.0,b5jrkl:b5nwfo,GENERAL-NEWS:nan,True,2019-03-26,60.0,26_03_19,0.20472566,6.00987294,0.10236283,0.9234072,28.215759400000003,0.4617036,0.87186709,25.77436711,0.435933545,0.0,0.0,0.0,2.0,60.0,1.0,0.0,0.0,0.0,0.0,0.0,0.0,0.1606928333640098,5.256756879389284,0.0803464166820049,0.4084648638963699,15.014432176947594,0.20423243194818494,0.029313112609088303,0.9574609072878913,0.014656556304544151,0.7876194417476654,19.056272357702255,0.3938097208738327,0.5902164876461028,18.946456581354138,0.2951082438230514,0.0236933734267949,0.7686242479830961,0.01184668671339745
176541,16532,twitter,2,19.0,0.0,0.62,4.0,19.0,0.0,b5vkce:b5nw1i,MEDIA:nan,True,2019-03-26,43.0,26_03_19,0.25736752,5.533401680000001,0.12868376,0.8493108,18.260182200000003,0.4246554,0.8933217,19.20641655,0.44666085,0.0,0.0,0.0,2.0,43.0,1.0,0.0,0.0,0.0,0.0,0.0,0.0,0.2759113907814026,5.932094901800156,0.1379556953907013,0.7029979228973388,15.114455342292784,0.3514989614486694,0.0353975258767604,0.7610468063503486,0.0176987629383802,0.5707248449325562,12.270584166049957,0.2853624224662781,0.3884345591068268,8.351343020796776,0.1942172795534134,0.0265337917953728,0.5704765236005152,0.0132668958976864
176349,16340,unlimited,2,36.0,0.0,0.725,94.0,36.0,0.0,b5p598:b5ocav,TRADING:nan,False,2019-03-26,150.0,26_03_19,0.23820023,15.387227880000001,0.119100115,0.94016698,74.62525674,0.47008349,0.8216328500000001,59.9875161,0.41081642500000004,0.0,0.0,0.0,2.0,150.0,1.0,0.0,0.0,0.0,0.0,0.0,0.0,0.1326136626303196,11.963282749056816,0.0663068313151598,0.2318057045340537,17.176071569323536,0.11590285226702685,0.0200370717793702,1.783377215266224,0.0100185358896851,1.051754355430603,75.5241708755493,0.5258771777153015,0.5435103476047516,42.051270961761475,0.2717551738023758,0.0202788710594176,1.5018280763179008,0.0101394355297088
176367,16358,unnoticed,2,82.0,0.0,0.96,39.0,82.0,0.0,b5vza2:b5vyfa,SECURITY:SECURITY,False,2019-03-26,141.0,26_03_19,0.25249558,19.29049947,0.12624779,0.85589391,61.470520259999994,0.427946955,0.89161064,60.238988840000005,0.44580532,0.0,0.0,0.0,2.0,141.0,1.0,0.0,0.0,0.0,0.0,0.0,0.0,0.0923908352851867,7.001623954623937,0.04619541764259335,0.1841177791357039,16.01546035706996,0.09205888956785195,0.0113956427667289,1.0525497223716114,0.00569782138336445,1.3702746033668518,80.82328802347183,0.6851373016834259,0.32842078059911717,34.73505464941263,0.16421039029955858,0.0134003965649752,1.3720240404363593,0.0067001982824876
176368,16359,unnoticed nan,2,82.0,0.0,0.96,39.0,82.0,0.0,b5vza2:b5vyfa,SECURITY:SECURITY,True,2019-03-26,141.0,26_03_19,0.25249558,19.29049947,0.12624779,0.85589391,61.470520259999994,0.427946955,0.89161064,60.238988840000005,0.44580532,0.0,0.0,0.0,2.0,141.0,1.0,0.0,0.0,0.0,0.0,0.0,0.0,0.0923908352851867,7.001623954623937,0.04619541764259335,0.1841177791357039,16.01546035706996,0.09205888956785195,0.0113956427667289,1.0525497223716114,0.00569782138336445,1.3702746033668518,80.82328802347183,0.6851373016834259,0.32842078059911717,34.73505464941263,0.16421039029955858,0.0134003965649752,1.3720240404363593,0.0067001982824876
176425,16416,update,4,12.0,0.0,0.6425,32.0,12.0,0.0,b5uygg:b5tnce:b5sw3i:b5qvwb,EXCHANGE:TRADING:nan:nan,True,2019-03-26,84.0,26_03_19,0.47948388000000003,10.14318724,0.11987097000000001,1.8080968,38.1038368,0.4520242,1.71241937,35.75297717,0.4281048425,0.0,0.0,0.0,4.0,84.0,1.0,0.0,0.0,0.0,0.0,0.0,0.0,0.44327056407928456,9.681315064430235,0.11081764101982114,1.18893700838089,25.882165253162384,0.2972342520952225,0.0669329185038804,1.4265144262462832,0.0167332296259701,1.1893273293972015,25.786339968442917,0.2973318323493004,1.0498740673065186,19.952939331531525,0.26246851682662964,0.061658147722482404,1.2707258984446463,0.015414536930620601
176674,16665,usa,2,2.0,0.0,0.835,0.0,2.0,0.0,b5it5o:b5q23f,nan:nan,True,2019-03-26,22.0,26_03_19,0.22379648000000002,2.46176128,0.11189824000000001,1.0353836,11.3892196,0.5176918,0.74081978,8.14901758,0.37040989,0.0,0.0,0.0,2.0,22.0,1.0,0.0,0.0,0.0,0.0,0.0,0.0,0.1535929739475249,1.689522713422774,0.07679648697376246,0.4588528275489807,5.047381103038788,0.22942641377449036,0.030709904618561202,0.3378089508041732,0.015354952309280601,0.9914616048336029,10.906077653169632,0.49573080241680145,0.34350955486297596,3.778605103492736,0.17175477743148798,0.021873079240322002,0.24060387164354202,0.010936539620161001
176581,16572,usd,2,12.0,0.0,0.875,1.0,12.0,0.0,b5scok:b5qpai,EXCHANGE:Technicals,True,2019-03-26,33.0,26_03_19,0.23451756,3.8352648,0.11725878,0.8728447,14.437238400000002,0.43642235,0.8926377,14.72749605,0.44631885,0.0,0.0,0.0,2.0,33.0,1.0,0.0,0.0,0.0,0.0,0.0,0.0,0.20682916790246958,3.3090579360723487,0.10341458395123479,0.48308701813220967,7.641069442033766,0.24154350906610483,0.0303009105846285,0.4923201017081724,0.01515045529231425,0.7994961142539978,13.534842789173126,0.3997480571269989,0.456694945693016,7.637857183814048,0.228347472846508,0.0235919235274194,0.38485393580049,0.0117959617637097
176620,16611,usdt,2,3.0,0.0,0.875,6.0,3.0,0.0,b5tngd:b5lwd3,nan:Technical Analysis,True,2019-03-26,29.0,26_03_19,0.2116676,3.0691802,0.1058338,0.8963786,12.997489700000001,0.4481893,0.8919537,12.93332865,0.44597685,0.0,0.0,0.0,2.0,29.0,1.0,0.0,0.0,0.0,0.0,0.0,0.0,0.1377469450235366,1.9973307028412808,0.0688734725117683,0.2631761133670806,3.816053643822668,0.1315880566835403,0.0252042952924966,0.3654622817412007,0.0126021476462483,1.0282673835754395,14.909877061843872,0.5141336917877197,0.5249553322792052,7.611852318048475,0.2624776661396026,0.020650055259466,0.29942580126225704,0.010325027629733
176382,16373,use,6,42.0,0.0,0.8166666666666668,11.0,42.0,0.0,b5qpzg:b5o0bu:b5sn89:b5rh8g:b5ng23:b5v924,GENERAL-NEWS:MEDIA:nan:New Coin:nan:nan,True,2019-03-26,113.0,26_03_19,0.769637104,14.974161684,0.12827285066666666,2.82253778,54.399012909999996,0.4704229633333334,2.40782499,43.626821539999995,0.401304165,0.0,0.0,0.0,5.0,101.0,0.8333333333333334,1.0,12.0,0.16666666666666666,0.4588,5.505599999999999,0.07646666666666667,0.5409690476953982,10.573978643864391,0.09016150794923304,1.3225649446249006,27.884153306484215,0.22042749077081678,0.0845309172291307,1.7190292046871007,0.014088486204855116,2.749707520008087,48.58785879611969,0.4582845866680145,1.2380711063742638,22.974462680518624,0.20634518439571062,0.0641564989928151,1.2605148244183415,0.01069274983213585
176557,16548,use cases,2,14.0,0.0,0.73,1.0,14.0,0.0,b5qpzg:b5o0bu,GENERAL-NEWS:MEDIA,True,2019-03-26,35.0,26_03_19,0.25736752,4.5039316,0.12868376,0.8493108,14.862939,0.4246554,0.8933217,15.633129749999998,0.44666085,0.0,0.0,0.0,2.0,35.0,1.0,0.0,0.0,0.0,0.0,0.0,0.0,0.2759113907814026,4.828449338674545,0.1379556953907013,0.7029979228973388,12.302463650703427,0.3514989614486694,0.0353975258767604,0.619456702843307,0.0176987629383802,0.5707248449325562,9.987684786319733,0.2853624224662781,0.3884345591068268,6.797604784369469,0.1942172795534134,0.0265337917953728,0.46434135641902397,0.0132668958976864
176525,16516,used,3,12.0,0.0,0.8566666666666666,4.0,12.0,0.0,b5n5ia:b5mzul:b5rh8g,TRADING:Tool:New Coin,False,2019-03-26,46.0,26_03_19,0.31662071999999997,4.824031880000001,0.10554024,1.45970273,22.501270070000004,0.48656757666666667,1.22367653,18.67469782,0.4078921766666667,0.0,0.0,0.0,3.0,46.0,1.0,0.0,0.0,0.0,0.0,0.0,0.0,0.24783060699701298,3.812339104712008,0.08261020233233766,0.5288297608494759,7.843235068023204,0.1762765869498253,0.0417152447625994,0.6326387533918013,0.013905081587533133,1.3981844782829285,21.556604504585266,0.46606149276097614,0.7461409270763396,11.593382090330124,0.24871364235877988,0.0372989820316432,0.5618004677817198,0.012432994010547734
176458,16449,users,3,26.0,0.0,0.7533333333333334,10.0,26.0,0.0,b5sn89:b5rh8g:b5pzvl,nan:New Coin:News,True,2019-03-26,66.0,26_03_19,0.34917908000000003,8.5306935,0.11639302666666668,1.4532441,33.307007600000006,0.48441470000000003,1.19757669,24.16229489,0.39919223,0.0,0.0,0.0,3.0,66.0,1.0,0.0,0.0,0.0,0.0,0.0,0.0,0.24529476463794703,5.458649225533007,0.08176492154598235,0.6778598874807357,16.070880606770515,0.2259532958269119,0.0460122367367147,1.0490117473527767,0.015337412245571566,1.2128194272518158,27.550480633974075,0.4042731424172719,0.7830708026885984,15.117217928171154,0.26102360089619947,0.0349428877234457,0.7537567634135435,0.011647629241148566
176259,16250,using,4,109.0,0.0,0.8200000000000001,72.0,109.0,0.0,b5qqxt:b5nuw3:b5uygg:b5v924,LEGACY:TRADING:EXCHANGE:nan,False,2019-03-26,221.0,26_03_19,0.45591200400000004,22.869627724,0.11397800100000001,1.9221149800000001,109.97615658,0.48052874500000003,1.6219730700000001,88.15421674,0.40549326750000003,0.0,0.0,0.0,4.0,221.0,1.0,0.0,0.0,0.0,0.0,0.0,0.0,0.359006818383932,18.886597085744143,0.089751704595983,0.8152940347790718,32.263344131410115,0.20382350869476795,0.0504159259144216,2.803097084863108,0.0126039814786054,1.987164556980133,107.97934901714324,0.49679113924503326,0.7447683289647101,56.71508301049471,0.18619208224117753,0.0433503251988438,2.3525302379857655,0.01083758129971095
176335,16326,value,3,37.0,0.0,0.7166666666666667,102.0,37.0,0.0,b5p598:b5kz41:b5rh8g,TRADING:TRADING:New Coin,True,2019-03-26,169.0,26_03_19,0.31899939,17.14503442,0.10633313,1.3693646899999998,82.73452551999999,0.4564548966666666,1.31163594,69.12044067000001,0.43721198,0.0,0.0,0.0,3.0,169.0,1.0,0.0,0.0,0.0,0.0,0.0,0.0,0.1932842768728732,13.012767523527144,0.06442809229095774,0.3123827204108237,18.673904031515118,0.10412757347027457,0.0284517083782702,1.918579397257414,0.009483902792756732,1.8311161398887634,90.29715406894682,0.6103720466295878,0.6113428100943563,43.529064908623695,0.20378093669811878,0.0234224519226698,1.5685329237021435,0.007807483974223266
176537,16528,ve,2,14.0,0.0,0.755,11.0,14.0,0.0,b5q23f:b5v1yl,nan:Analysis,True,2019-03-26,45.0,26_03_19,0.19050651000000002,3.55390478,0.09525325500000001,1.00711147,22.465640479999998,0.503555735,0.80238196,18.980455,0.40119098,0.0,0.0,0.0,2.0,45.0,1.0,0.0,0.0,0.0,0.0,0.0,0.0,0.161448873579502,3.824048250913618,0.080724436789751,0.37709441781044,7.600129023194311,0.18854720890522,0.027625179849565,0.5185273792594668,0.0138125899247825,0.9239219129085541,20.90735188126564,0.46196095645427704,0.489219844341278,11.734938085079193,0.244609922170639,0.0206897063180803,0.415005391463635,0.01034485315904015
176512,16503,verasity,3,20.0,0.0,0.8066666666666666,2.0,20.0,0.0,b5k6za:b5nhlj:b5k8el,ADOPTION:Strategy:Strategy,True,2019-03-26,52.0,26_03_19,0.33379674000000004,5.7858101600000005,0.11126558000000002,1.33804188,23.19272592,0.44601396,1.32816132,23.021462879999998,0.44272044,0.0,0.0,0.0,3.0,52.0,1.0,0.0,0.0,0.0,0.0,0.0,0.0,0.1662270873785019,2.8812695145606995,0.0554090291261673,0.2899068519473076,5.025052100419998,0.0966356173157692,0.0360128246247768,0.6242222934961312,0.0120042748749256,1.7560458183288574,30.438127517700195,0.5853486061096191,0.7234094291925428,12.539096772670742,0.24113647639751426,0.0283980527892708,0.4922329150140272,0.0094660175964236
176513,16504,verasity product,3,20.0,0.0,0.8066666666666666,2.0,20.0,0.0,b5k6za:b5nhlj:b5k8el,ADOPTION:Strategy:Strategy,True,2019-03-26,52.0,26_03_19,0.33379674000000004,5.7858101600000005,0.11126558000000002,1.33804188,23.19272592,0.44601396,1.32816132,23.021462879999998,0.44272044,0.0,0.0,0.0,3.0,52.0,1.0,0.0,0.0,0.0,0.0,0.0,0.0,0.1662270873785019,2.8812695145606995,0.0554090291261673,0.2899068519473076,5.025052100419998,0.0966356173157692,0.0360128246247768,0.6242222934961312,0.0120042748749256,1.7560458183288574,30.438127517700195,0.5853486061096191,0.7234094291925428,12.539096772670742,0.24113647639751426,0.0283980527892708,0.4922329150140272,0.0094660175964236
176308,16299,video,2,96.0,0.0,0.78,66.0,96.0,0.0,b5qqxt:b5kn6o,LEGACY:GENERAL-NEWS,True,2019-03-26,182.0,26_03_19,0.21070070000000002,18.2273269,0.10535035000000001,0.94873819,90.87199688999999,0.474369095,0.84056109,72.90067599,0.420280545,0.0,0.0,0.0,2.0,182.0,1.0,0.0,0.0,0.0,0.0,0.0,0.0,0.1377258449792862,14.685674831271172,0.0688629224896431,0.21087691187858582,20.5982531607151,0.10543845593929291,0.024249769747257198,2.2260266467928855,0.012124884873628599,1.0845797061920166,91.80735278129576,0.5422898530960083,0.5231138318777084,50.87062902748585,0.2615569159388542,0.0194539669901132,1.8120655398815813,0.0097269834950566
176440,16431,wallet,5,20.0,0.0,0.7060000000000001,4.0,20.0,0.0,b5qh3o:b5sb3b:b5ralx:b5pn54:b5mzul,GENERAL-NEWS:EXCHANGE:EXCHANGE:EXCHANGE:Tool,True,2019-03-26,74.0,26_03_19,0.58227354,8.66482065,0.11645470799999999,2.4304289,35.86170995,0.48608577999999997,1.98729763,29.47347052,0.397459526,0.0,0.0,0.0,5.0,74.0,1.0,0.0,0.0,0.0,0.0,0.0,0.0,0.3596187904477118,5.266745995730159,0.07192375808954235,0.9818278253078458,14.33013208210468,0.19636556506156916,0.05728545784950231,0.8377884915098508,0.011457091569900461,2.559224784374237,38.02139604091644,0.5118449568748474,0.9858112931251526,14.716486781835556,0.1971622586250305,0.0562318656593558,0.8274508928880049,0.01124637313187116
176583,16574,wallet set,2,11.0,0.0,0.76,1.0,11.0,0.0,b5qh3o:b5sb3b,GENERAL-NEWS:EXCHANGE,True,2019-03-26,32.0,26_03_19,0.23546087,3.80944327,0.117730435,0.96081985,15.28718325,0.480409925,0.8037193,12.903373900000002,0.40185965,0.0,0.0,0.0,2.0,32.0,1.0,0.0,0.0,0.0,0.0,0.0,0.0,0.131489235907793,2.072932232171296,0.0657446179538965,0.3494137078523635,5.476334437727926,0.17470685392618174,0.020208927802741403,0.3187170708551982,0.010104463901370701,1.087202548980713,17.413084745407104,0.5436012744903564,0.3920626938343048,6.404006391763687,0.1960313469171524,0.0196229303255676,0.31492579821497,0.0098114651627838
176535,16526,wants,2,14.0,0.0,0.755,11.0,14.0,0.0,b5q23f:b5v1yl,nan:Analysis,False,2019-03-26,45.0,26_03_19,0.19050651000000002,3.55390478,0.09525325500000001,1.00711147,22.465640479999998,0.503555735,0.80238196,18.980455,0.40119098,0.0,0.0,0.0,2.0,45.0,1.0,0.0,0.0,0.0,0.0,0.0,0.0,0.161448873579502,3.824048250913618,0.080724436789751,0.37709441781044,7.600129023194311,0.18854720890522,0.027625179849565,0.5185273792594668,0.0138125899247825,0.9239219129085541,20.90735188126564,0.46196095645427704,0.489219844341278,11.734938085079193,0.244609922170639,0.0206897063180803,0.415005391463635,0.01034485315904015
176436,16427,watch,4,15.0,0.0,0.5875,20.0,15.0,0.0,b5kz41:b5q23f:b5ng23:b5v1yl,TRADING:nan:nan:Analysis,True,2019-03-26,75.0,26_03_19,0.44977802,7.347545720000001,0.112444505,1.93481726,36.108816919999995,0.483704315,1.6154047,31.543638520000002,0.403851175,0.0,0.0,0.0,3.0,63.0,0.75,1.0,12.0,0.25,0.4588,5.505599999999999,0.1147,0.27303112670779206,5.415599219501015,0.06825778167694802,0.5956783592700957,10.62245653569698,0.14891958981752393,0.0474572994280606,0.7781372093595558,0.01186432485701515,2.163570910692215,40.68964794278145,0.5408927276730537,0.8835244104266166,16.867919608950615,0.22088110260665414,0.0367378715891388,0.6262402241118201,0.0091844678972847
176211,16202,way,7,235.0,0.0,0.83,245.0,235.0,0.0,b5qqxt:b5ltrx:b5p598:b5n82d:b5sn89:b5rh8g:b5q23f,LEGACY:GENERAL-NEWS:TRADING:SUPPORT:nan:New Coin:nan,True,2019-03-26,550.0,26_03_19,0.81061031,59.08541127,0.11580147285714285,3.47335508,271.08935447,0.4961935828571429,2.71603446,219.82523615000005,0.38800492285714283,0.0,0.0,0.0,7.0,550.0,1.0,0.0,0.0,0.0,0.0,0.0,0.0,0.5808714404702184,49.44850925356148,0.08298163435288834,1.3638953566551208,93.75464913994072,0.1948421938078744,0.1138028921559451,8.72253116313367,0.016257556022277873,3.1305191814899445,254.0319642722606,0.4472170259271349,1.7207870781421661,137.23129481077194,0.24582672544888087,0.0901238285005088,6.8110418794676395,0.012874832642929828
176485,16476,web,2,24.0,0.0,0.72,10.0,24.0,0.0,b5sn89:b5ng23,nan:nan,True,2019-03-26,54.0,26_03_19,0.28999446,7.81353612,0.14499723,1.03909153,28.364205360000003,0.519545765,0.6709139,17.8222548,0.33545695,0.0,0.0,0.0,1.0,42.0,0.5,1.0,12.0,0.5,0.4588,5.505599999999999,0.2294,0.15409019589424128,4.387140288949011,0.07704509794712064,0.4214255958795547,13.13895785808563,0.21071279793977735,0.032927177846431704,0.8960998579859725,0.016463588923215852,0.847097635269165,22.921171188354492,0.4235488176345825,0.5202710926532745,12.028882563114164,0.26013554632663727,0.0241882046684621,0.6277438849210691,0.01209410233423105
176321,16312,website,2,96.0,0.0,0.78,66.0,96.0,0.0,b5qqxt:b5q23f,LEGACY:nan,True,2019-03-26,182.0,26_03_19,0.22653584,18.401513440000002,0.11326792,1.0147307300000001,91.59791483,0.5073653650000001,0.7587333300000001,72.00057063,0.37936666500000005,0.0,0.0,0.0,2.0,182.0,1.0,0.0,0.0,0.0,0.0,0.0,0.0,0.1547174006700515,14.87258194386959,0.07735870033502575,0.34124482423067093,22.032300196588036,0.17062241211533546,0.03053804859519,2.295197714120146,0.015269024297595,0.956013411283493,90.393123537302,0.4780067056417465,0.4949572086334228,50.560906171798706,0.2474786043167114,0.022529019974171997,1.845891122706228,0.011264509987085999
176376,16367,week,5,61.0,0.0,0.7939999999999999,12.0,61.0,0.0,b5o50a:b5lvct:b5u1sd:b5o6xt:b5v1yl,MEDIA:PRIVACY:FINANCE:nan:Analysis,True,2019-03-26,123.0,26_03_19,0.53997836,12.89649655,0.107995672,2.37989573,59.016380819999995,0.47597914599999996,2.08012565,51.08711591,0.41602512999999997,0.0,0.0,0.0,5.0,123.0,1.0,0.0,0.0,0.0,0.0,0.0,0.0,0.43576908856630303,10.690232247114176,0.08715381771326061,1.0273871421813963,24.596835091710084,0.20547742843627925,0.0748112341389058,1.743767211213703,0.014962246827781158,1.9662629067897797,50.08336138725281,0.39325258135795593,1.4128372967243195,33.925764709711075,0.2825674593448639,0.08293238934129459,1.9600408263504465,0.01658647786825892
176413,16404,week summit,4,48.0,0.0,0.7825,1.0,48.0,0.0,b5o50a:b5lvct:b5u1sd:b5o6xt,MEDIA:PRIVACY:FINANCE:nan,True,2019-03-26,89.0,26_03_19,0.47657257,10.74069969,0.1191431425,1.88479076,42.18281184,0.47119769,1.63863637,36.07648039,0.4096590925,0.0,0.0,0.0,4.0,89.0,1.0,0.0,0.0,0.0,0.0,0.0,0.0,0.3467207998037336,7.6625904291868165,0.0866801999509334,0.8772962540388106,19.49374489486217,0.21932406350970265,0.0654786080121992,1.4264579229056786,0.0163696520030498,1.4991233050823212,34.20061492919922,0.3747808262705803,1.1365973055362701,24.533605009317398,0.28414932638406754,0.07478375360369668,1.6829872112721178,0.01869593840092417
176459,16450,weiss,4,9.0,0.0,0.6825,17.0,9.0,0.0,b5q1mz:b5r0qb:b5w6mp:b5pja2,ADOPTION:COMEDY:GENERAL-NEWS:nan,True,2019-03-26,66.0,26_03_19,0.40906992000000003,6.698671200000001,0.10226748000000001,1.95816949,32.54707002,0.4895423725,1.6327605900000002,26.75425878,0.40819014750000004,0.0,0.0,0.0,4.0,66.0,1.0,0.0,0.0,0.0,0.0,0.0,0.0,0.3176693022251129,5.293734312057495,0.07941732555627823,0.5456625595688819,8.604294016957281,0.13641563989222047,0.0514042750000953,0.8372702077031124,0.012851068750023825,1.7314760982990263,29.763872981071465,0.43286902457475657,1.305685669183731,20.743820428848267,0.32642141729593277,0.048102199099957804,0.7570094782859064,0.012025549774989451
176192,16183,welcome,3,71.0,0.0,0.81,683.0,71.0,0.0,b5imxn:b5wjx4:b5wav2,FOCUSED-DISCUSSION:nan:nan,True,2019-03-26,784.0,26_03_19,0.30681505,57.77505802000001,0.10227168333333332,1.4591677,382.42438871999997,0.48638923333333334,1.23401736,343.80060088000005,0.41133912,0.0,0.0,0.0,3.0,784.0,1.0,0.0,0.0,0.0,0.0,0.0,0.0,0.23903701454401,68.03258554637429,0.07967900484800333,0.6255390495061873,132.1670246124267,0.20851301650206244,0.0482626380398869,8.984364839270707,0.016087546013295633,1.2339807152748108,344.43600994348526,0.4113269050916036,0.806937575340271,221.53695952892303,0.26897919178009033,0.0462429253384469,8.843072129413448,0.015414308446148967
176329,16320,whatsapp,3,77.0,0.0,0.6766666666666666,72.0,77.0,0.0,b5ltrx:b5qh3o:b5q3u1,GENERAL-NEWS:GENERAL-NEWS:nan,True,2019-03-26,179.0,26_03_19,0.37660182,20.2956853,0.12553393999999998,1.32235151,81.53479759000001,0.4407838366666667,1.30104678,77.16952422,0.43368226000000004,0.0,0.0,0.0,3.0,179.0,1.0,0.0,0.0,0.0,0.0,0.0,0.0,0.3005953319370746,19.387546110898246,0.10019844397902487,0.7108417004346845,42.59305249154567,0.2369472334782282,0.0481537058949469,3.739382266998286,0.016051235298315633,1.2530754804611206,74.96588742733002,0.41769182682037354,0.6471640020608902,35.49153132736683,0.21572133402029672,0.040169756859540696,2.822594270110118,0.013389918953180232
176238,16229,whereabouts,2,149.0,0.0,0.825,140.0,149.0,0.0,b5qqxt:b5wjx4,LEGACY:nan,True,2019-03-26,309.0,26_03_19,0.21574366,33.05398404,0.10787183,0.95478046,148.34960307,0.47739023,0.82947605,127.59643635,0.414738025,0.0,0.0,0.0,2.0,309.0,1.0,0.0,0.0,0.0,0.0,0.0,0.0,0.1599049568176269,24.783338963985436,0.07995247840881345,0.3626859262585639,53.820620544254766,0.18134296312928194,0.0328829530626535,4.941948853433127,0.01644147653132675,0.8092899024486542,128.1566328406334,0.4046449512243271,0.599695086479187,92.06317466497421,0.2998475432395935,0.0355411684140562,5.234283571131512,0.0177705842070281
176507,16498,win,2,31.0,0.0,0.815,1.0,31.0,0.0,b5o50a:b5o6xt,MEDIA:nan,True,2019-03-26,52.0,26_03_19,0.25665506,6.67303156,0.12832753,0.9745406,25.3380556,0.4872703,0.768804,19.988904,0.384402,0.0,0.0,0.0,2.0,52.0,1.0,0.0,0.0,0.0,0.0,0.0,0.0,0.1636591553688048,4.255138039588925,0.0818295776844024,0.4325792491436004,11.24706047773361,0.2162896245718002,0.0281474515795706,0.7318337410688356,0.0140737257897853,0.85015070438385,22.1039183139801,0.425075352191925,0.485429972410202,12.621179282665253,0.242714986205101,0.0400334633886814,1.0408700481057163,0.0200167316943407
176246,16237,work,5,127.0,0.0,0.8700000000000001,79.0,127.0,0.0,b5qqxt:b5n5ia:b5sn89:b5rh8g:b5q23f,LEGACY:TRADING:nan:New Coin:nan,True,2019-03-26,256.0,26_03_19,0.57625818,27.733663760000002,0.11525163599999999,2.49548116,129.2292859,0.49909623200000003,1.92826043,99.03704523,0.385652086,0.0,0.0,0.0,5.0,256.0,1.0,0.0,0.0,0.0,0.0,0.0,0.0,0.3905096203088759,20.8852377012372,0.07810192406177519,0.8564691990613935,37.22812052071094,0.1712938398122787,0.0720848152413963,3.393053249455983,0.01441696304827926,2.3945781886577606,124.42065182328223,0.4789156377315521,1.2322665452957153,67.43056681752205,0.24645330905914306,0.0540915112942454,2.6423671208321933,0.01081830225884908
176599,16590,working,2,6.0,0.0,0.765,4.0,6.0,0.0,b5n5ia:b5q23f,TRADING:nan,False,2019-03-26,30.0,26_03_19,0.22653584,3.2873752,0.11326792,1.0147307300000001,15.18383187,0.5073653650000001,0.7587333300000001,11.528791830000001,0.37936666500000005,0.0,0.0,0.0,2.0,30.0,1.0,0.0,0.0,0.0,0.0,0.0,0.0,0.1547174006700515,2.3604259341955176,0.07735870033502575,0.34124482423067093,4.667623423039913,0.17062241211533546,0.03053804859519,0.4338824935257428,0.015269024297595,0.956013411283493,14.509996324777601,0.4780067056417465,0.4949572086334228,7.700348138809204,0.2474786043167114,0.022529019974171997,0.3277228148654088,0.011264509987085999
176260,16251,world,4,108.0,0.0,0.91,71.0,108.0,0.0,b5qqxt:b5n5ia:b5scok:b5rbu9,LEGACY:TRADING:EXCHANGE:nan,True,2019-03-26,219.0,26_03_19,0.43180476,22.19578912,0.10795119,1.96564426,109.2170826,0.491411065,1.6025508300000002,87.58712628,0.40063770750000005,0.0,0.0,0.0,4.0,219.0,1.0,0.0,0.0,0.0,0.0,0.0,0.0,0.3059076890349387,17.67632395029068,0.07647692225873468,0.5870741754770278,26.571469813585278,0.14676854386925695,0.055385691113769904,2.7547007743269156,0.013846422778442476,1.9693782031536102,109.13292089104651,0.49234455078840256,1.0394122302532196,60.64307391643524,0.2598530575633049,0.0428419969975946,2.2215126585215246,0.01071049924939865
176196,16187,www,4,31.0,0.0,0.7549999999999999,620.0,31.0,0.0,b5imxn:b5tngd:b5ng23:b5v1yl,FOCUSED-DISCUSSION:nan:nan:Analysis,True,2019-03-26,691.0,26_03_19,0.37818642,45.26573200000001,0.094546605,1.94765387,341.77125781999996,0.4869134675,1.67415971,303.96303599000004,0.4185399275,0.0,0.0,0.0,3.0,679.0,0.75,1.0,12.0,0.25,0.4588,5.505599999999999,0.1147,0.3164583146572112,61.075724266469464,0.0791145786643028,0.5838004052639005,103.53254877030847,0.14595010131597513,0.0474954536184668,6.567554521374404,0.0118738634046167,1.8703105449676514,322.76749634742737,0.46757763624191284,1.14237442612648,191.34456977248192,0.28559360653162,0.039560989476740104,5.712128261104196,0.009890247369185026
176530,16521,www youtube,2,14.0,0.0,0.675,12.0,14.0,0.0,b5ng23:b5v1yl,nan:Analysis,True,2019-03-26,46.0,26_03_19,0.20894683000000003,3.9022893400000003,0.10447341500000001,1.0043596,22.94462454,0.5021798,0.78669358,19.15308712,0.39334679,0.0,0.0,0.0,1.0,34.0,0.5,1.0,12.0,0.5,0.4588,5.505599999999999,0.2294,0.15853655338287348,3.861500993371009,0.07926827669143674,0.3021214604377746,6.927457064390181,0.1510607302188873,0.0255606798455119,0.5120459329336879,0.01278033992275595,0.8890372514724731,20.945518255233765,0.4445186257362366,0.6036567687988281,13.321161031723022,0.30182838439941406,0.0210873261094092,0.43231789954006417,0.0105436630547046
176521,16512,x200b,3,8.0,0.0,0.5766666666666667,10.0,8.0,0.0,b5scok:b5kz41:b5ng23,EXCHANGE:TRADING:nan,True,2019-03-26,48.0,26_03_19,0.36510531,5.698649339999999,0.12170177,1.37589509,21.71058384,0.45863169666666664,1.25899959,20.59076682,0.41966653,0.0,0.0,0.0,2.0,36.0,0.6666666666666666,1.0,12.0,0.3333333333333333,0.4588,5.505599999999999,0.15293333333333334,0.1804557256400584,2.831273473799227,0.06015190854668614,0.350171998143196,5.390912532806395,0.11672399938106533,0.0324342672247439,0.4864484877325584,0.010811422408247966,1.7537826895713806,29.036702513694763,0.5845942298571268,0.6567822322249411,9.857579514384266,0.21892741074164704,0.0263731929007915,0.3970853299833792,0.008791064300263834
176623,16614,xlm,2,3.0,0.0,0.485,5.0,3.0,0.0,b5x955:b5ukkn,EDUCATIONAL:Exchange,True,2019-03-26,28.0,26_03_19,0.20111866,2.87689262,0.10055933,0.93031144,12.933406640000001,0.46515572,0.86856991,12.189700850000001,0.434284955,0.0,0.0,0.0,2.0,28.0,1.0,0.0,0.0,0.0,0.0,0.0,0.0,0.1343078166246413,1.9016991108655914,0.06715390831232065,0.41023333370685566,5.730198726058005,0.20511666685342783,0.024767695926129797,0.3604513974860308,0.012383847963064899,0.4365029484033584,6.204229220747948,0.2182514742016792,0.9643955528736115,13.366872698068619,0.4821977764368057,0.0297927064821123,0.4365498768165693,0.01489635324105615
176452,16443,xrp,4,7.0,0.0,0.525,20.0,7.0,0.0,b5q1mz:b5kz41:b5w6mp:b5qvwb,ADOPTION:TRADING:GENERAL-NEWS:nan,True,2019-03-26,67.0,26_03_19,0.42336527,7.06675206,0.1058413175,1.87389642,31.480151559999996,0.468474105,1.70273838,28.45309764,0.425684595,0.0,0.0,0.0,4.0,67.0,1.0,0.0,0.0,0.0,0.0,0.0,0.0,0.27744647487998,4.640442274510859,0.069361618719995,0.4979746341705321,7.948850035667418,0.12449365854263303,0.042762845987454,0.6963922758586695,0.0106907114968635,2.0499963462352753,35.731020241975784,0.5124990865588188,1.0905961021780968,17.331961825489998,0.2726490255445242,0.041223724605515405,0.6513352883048322,0.010305931151378851
176398,16389,yahoo,3,67.0,0.0,0.9766666666666668,1.0,67.0,0.0,b5q6x3:b5lmuv:b5m4s1,TRADING:GENERAL-NEWS:News,True,2019-03-26,98.0,26_03_19,0.31009756,10.053347279999999,0.10336585333333333,1.3869637,45.745570799999996,0.4623212333333333,1.3029388100000001,42.20108648,0.4343129366666667,0.0,0.0,0.0,3.0,98.0,1.0,0.0,0.0,0.0,0.0,0.0,0.0,0.1746838018298147,5.376325830817215,0.05822793394327156,0.5054861158132551,17.65667322278022,0.1684953719377517,0.032245674170553504,0.9958974123001033,0.010748558056851168,1.6428805589675903,54.70571959018707,0.5476268529891968,0.6135721504688262,18.246794819831845,0.2045240501562754,0.0311316847801206,1.0185865890234629,0.0103772282600402
176516,16507,year,2,21.0,0.0,0.74,9.0,21.0,0.0,b5t3rb:b5q23f,Fundamentals:nan,True,2019-03-26,50.0,26_03_19,0.25578448,6.41677456,0.12789224,0.9366619,22.193632100000002,0.46833095,0.8075535300000001,21.389592630000003,0.40377676500000004,0.0,0.0,0.0,2.0,50.0,1.0,0.0,0.0,0.0,0.0,0.0,0.0,0.2103562802076339,6.176678553223609,0.10517814010381694,0.5785024911165237,16.205498322844505,0.28925124555826187,0.0359913166612386,0.8914698455482701,0.0179956583306193,0.7421447336673737,16.153739899396896,0.37107236683368683,0.4071971327066421,9.917252287268639,0.20359856635332105,0.025807966478168798,0.655360716395076,0.012903983239084399
176256,16247,years,3,119.0,0.0,0.8300000000000001,75.0,119.0,0.0,b5qqxt:b5sn89:b5q23f,LEGACY:nan:nan,True,2019-03-26,224.0,26_03_19,0.37098926,24.468557080000004,0.12366308666666666,1.54456763,113.85106463,0.5148558766666667,1.08444293,85.68037383,0.3614809766666667,0.0,0.0,0.0,3.0,224.0,1.0,0.0,0.0,0.0,0.0,0.0,0.0,0.2393193319439887,18.425863057374954,0.07977311064799623,0.6106398478150368,33.3468911871314,0.20354661593834558,0.047237172722816405,2.9965609274804548,0.015745724240938803,1.3812133967876434,108.25152292847632,0.46040446559588116,0.6878115236759186,58.66078740358353,0.22927050789197287,0.0337785342708228,2.3183707231655615,0.0112595114236076
176527,16518,youtube,2,14.0,0.0,0.675,12.0,14.0,0.0,b5ng23:b5v1yl,nan:Analysis,True,2019-03-26,46.0,26_03_19,0.20894683000000003,3.9022893400000003,0.10447341500000001,1.0043596,22.94462454,0.5021798,0.78669358,19.15308712,0.39334679,0.0,0.0,0.0,1.0,34.0,0.5,1.0,12.0,0.5,0.4588,5.505599999999999,0.2294,0.15853655338287348,3.861500993371009,0.07926827669143674,0.3021214604377746,6.927457064390181,0.1510607302188873,0.0255606798455119,0.5120459329336879,0.01278033992275595,0.8890372514724731,20.945518255233765,0.4445186257362366,0.6036567687988281,13.321161031723022,0.30182838439941406,0.0210873261094092,0.43231789954006417,0.0105436630547046
176528,16519,youtube com,2,14.0,0.0,0.675,12.0,14.0,0.0,b5ng23:b5v1yl,nan:Analysis,True,2019-03-26,46.0,26_03_19,0.20894683000000003,3.9022893400000003,0.10447341500000001,1.0043596,22.94462454,0.5021798,0.78669358,19.15308712,0.39334679,0.0,0.0,0.0,1.0,34.0,0.5,1.0,12.0,0.5,0.4588,5.505599999999999,0.2294,0.15853655338287348,3.861500993371009,0.07926827669143674,0.3021214604377746,6.927457064390181,0.1510607302188873,0.0255606798455119,0.5120459329336879,0.01278033992275595,0.8890372514724731,20.945518255233765,0.4445186257362366,0.6036567687988281,13.321161031723022,0.30182838439941406,0.0210873261094092,0.43231789954006417,0.0105436630547046
176179,16170,,135,2921.0,0.0,0.7397777777777778,1031.0,2921.0,0.0,b5oixc:b5ijx7:b5t22o:b5ltrx:b5rx7m:b5q6x3:b5mqhe:b5ktsr:b5k924:b5ogf7:b5ojpe:b5q1fp:b5nc66:b5m52p:b5t9hv:b5q4oi:b5jrkl:b5qdif:b5o50a:b5neof:b5sz2g:b5r15t:b5qrfx:b5qpzg:b5pgkw:b5og29:b5pyy8:b5na6u:b5se8e:b5qr7r:b5lvct:b5sx10:b5qh3o:b5s2c1:b5l56y:b5sb3b:b5nuw3:b5q1mz:b5pzbb:b5iplw:b5r05o:b5ralx:b5prdc:b5k6za:b5p052:b5r0qb:b5rlek:b5ssig:b5irzj:b5iq8c:b5pn54:b5qgys:b5qhwp:b5o0bu:b5o1no:b5t6x7:b5kn0z:b5lt26:b5lmuv:b5jlgu:b5it5o:b5kn6o:b5lcy6:b5ilt3:b5kecl:b5jy60:b5uhbl:b5vza2:b5vgaz:b5vkce:b5v6q9:b5v518:b5uygg:b5u1sd:b5vrjo:b5wz5s:b5vic8:b5w3u9:b5wmhl:b5x955:b5wzhh:b5wohg:b5ut23:b5x8tw:b5wwli:b5tn8o:b5tngd:b5tpex:b5uacv:b5vjbn:b5tss4:b5vyfa:b5w6mp:b5ti6c:b5w2es:b5w0ee:b5tghd:b5tt3c:b5tnce:b5t3rb:b5of28:b5r2ro:b5nhlj:b5o6xt:b5mzul:b5qpai:b5ocav:b5sw3i:b5lwd3:b5pmvq:b5lgml:b5pja2:b5r4il:b5m4s1:b5maci:b5nwfo:b5q3u1:b5pg77:b5k8el:b5jpzk:b5qg84:b5qvwb:b5rbu9:b5qpbs:b5t8p2:b5jk18:b5q0o0:b5pk3h:b5nj4y:b5nw1i:b5lt42:b5t1vf:b5pzvl:b5vcj8:b5ucu4,TRADING:MEDIA:EXCHANGE:GENERAL-NEWS:MEDIA:TRADING:RELEASE:COMEDY:POLITICS:COMEDY:GENERAL-NEWS:GENERAL-NEWS:GENERAL-NEWS:PRIVACY:GENERAL-NEWS:MEDIA:GENERAL-NEWS:GENERAL-NEWS:MEDIA:GENERAL-NEWS:GENERAL-NEWS:EXCHANGE:EXCHANGE:GENERAL-NEWS:EXCHANGE:FINANCE:GENERAL-NEWS:RELEASE:GENERAL-NEWS:MEDIA:PRIVACY:POLITICS:GENERAL-NEWS:GENERAL-NEWS:GENERAL-NEWS:EXCHANGE:TRADING:ADOPTION:EXCHANGE:SUPPORT:FINANCE:EXCHANGE:GENERAL-NEWS:ADOPTION:GENERAL-NEWS:COMEDY:TRADING:EXCHANGE:GENERAL-NEWS:GENERAL-NEWS:EXCHANGE:GENERAL-NEWS:MINING-STAKING:MEDIA:GENERAL-NEWS:GENERAL-NEWS:WARNING:RELEASE:GENERAL-NEWS:nan:nan:GENERAL-NEWS:GENERAL-NEWS:GENERAL-NEWS:GENERAL-NEWS:TRADING:MEDIA:SECURITY:GENERAL-NEWS:MEDIA:EXCHANGE:MEDIA:EXCHANGE:FINANCE:GENERAL-NEWS:RELEASE:METRICS:COMEDY:COMEDY:EDUCATIONAL:POLITICS:GENERAL-NEWS:RELEASE:GENERAL-NEWS:FINANCE:FINANCE:nan:POLITICS:MEDIA:GENERAL-NEWS:nan:SECURITY:GENERAL-NEWS:MEDIA:GENERAL-NEWS:SCALABILITY:GENERAL-NEWS:METRICS:TRADING:Fundamentals:nan:News:Strategy:nan:Tool:Technicals:nan:nan:Technical Analysis:Sentiment:Exchange:nan:nan:News:nan:nan:nan:Sentiment:Strategy:nan:nan:nan:nan:News:Exchange:News:nan:nan:Sentiment:nan:Tool:Sentiment:News:nan:Analysis,True,2019-03-26,5302.0,26_03_19,15.70090724999998,627.1613124400002,0.11630301666666666,63.277448400000004,2543.655601080001,0.46872184,56.02164383000001,2131.182921009999,0.4149751394814815,0.0,0.0,0.0,130.0,5211.0,0.9629629629629629,5.0,91.0,0.037037037037037035,2.294,41.7508,0.01699259259259259,11.43832234479487,422.00788282789273,0.08472831366514716,29.79801870137453,1113.9229124113917,0.22072606445462611,2.010743712540714,84.20030077127727,0.014894397870671938,55.509486719965935,2331.3557905107737,0.4111813831108588,34.3962624296546,1279.6551313474772,0.25478712910855256,1.8471670509315978,70.8578796987419,0.013682718895789583
